#START7777
# YYMMDDHHMI   STN    WD1    WS1    WDS    WSS   WD10   WS10     TA     RE RN-15m RN-60m RN-12H RN-DAY     HM     PA     PS     TD
#        KST    ID    deg    m/s    deg    m/s    deg    m/s      C      1     mm     mm     mm     mm      %    hPa    hPa     C
202603031727,90,286.0,2.2,356.0,3.5,294.9,2.3,0.8,1.0,0.3,1.2,16.2,23.2,94.4,1024.2,1026.4,0.0,=
202603031727,92,350.0,6.0,10.0,7.9,340.0,6.0,1.2,-99.7,0.0,0.2,7.4,17.1,96.0,1017.7,1026.0,0.6,=
202603031727,93,34.2,1.4,16.8,1.7,65.0,3.1,5.7,0.0,0.0,0.0,0.0,0.6,58.2,1012.8,1024.7,-1.9,=
202603031727,95,39.6,3.2,25.2,4.7,33.9,4.0,4.3,0.0,0.0,0.0,0.0,1.2,65.2,1005.8,1025.2,-1.7,=
202603031727,96,248.7,4.2,227.4,7.3,236.3,4.3,6.0,1.0,0.0,0.0,18.5,34.0,81.3,1008.3,1020.5,3.0,=
202603031727,98,65.1,1.8,104.0,3.2,45.5,1.4,7.0,0.0,0.0,0.0,0.0,1.9,54.7,1009.4,1023.7,-1.5,=
202603031727,99,41.1,3.3,53.4,5.3,57.2,3.1,7.3,0.0,-99.9,-99.9,-99.9,-99.2,55.9,1020.7,1024.5,-0.9,=
202603031727,100,-99.2,-99.2,-99.2,-99.2,-99.9,-99.9,-1.2,0.0,0.0,0.0,1.8,6.7,95.0,931.6,1025.5,-1.9,=
202603031727,101,34.5,2.7,32.1,3.0,50.9,3.3,6.1,0.0,0.0,0.0,0.0,0.9,59.8,1014.2,1023.6,-1.1,=
202603031727,102,309.8,5.2,298.2,7.5,314.4,4.7,3.8,0.0,0.0,0.0,0.0,0.0,72.2,1019.6,1024.1,-0.7,=
202603031727,104,295.9,2.7,281.8,2.8,297.0,2.5,1.9,1.0,0.0,1.1,12.1,23.5,99.8,1015.0,1024.5,1.9,=
202603031727,105,315.6,1.2,316.6,1.7,318.4,2.4,2.5,1.0,0.3,1.5,11.7,25.5,92.5,1022.3,1025.7,1.4,=
202603031727,106,308.0,3.5,330.0,4.8,308.2,3.2,2.7,1.0,0.8,1.3,8.9,17.6,93.6,1020.2,1025.3,1.8,=
202603031727,108,45.7,1.5,80.8,2.1,60.5,2.0,9.9,0.0,0.0,0.0,0.0,1.3,48.8,1012.2,1022.7,-0.4,=
202603031727,110,320.0,6.0,330.0,7.5,320.0,5.2,9.4,-99.7,0.0,0.0,0.0,1.5,57.0,1020.9,1023.1,1.3,=
202603031727,112,328.0,6.5,322.5,8.5,324.0,4.8,8.4,0.0,0.0,0.0,0.0,1.1,58.1,1014.1,1022.6,0.6,=
202603031727,113,330.0,3.7,340.0,4.4,320.0,4.2,8.2,-99.7,0.0,0.0,0.0,0.5,61.0,1022.7,1023.6,1.1,=
202603031727,114,44.4,2.5,22.7,3.2,44.7,3.0,8.7,0.0,0.0,0.0,0.0,0.0,46.7,1003.9,1022.2,-2.1,=
202603031727,115,91.4,7.2,110.6,14.4,94.3,7.2,4.3,0.0,0.0,0.1,6.2,11.3,87.9,994.3,1021.6,2.5,=
202603031727,116,77.0,0.3,248.0,1.5,125.6,0.2,4.1,0.0,0.0,0.0,0.0,1.0,65.4,947.8,1022.9,-1.8,=
202603031727,119,320.5,1.3,38.1,2.5,44.8,1.9,10.8,0.0,0.0,0.0,0.0,0.6,44.6,1017.1,1022.0,-0.8,=
202603031727,121,93.5,3.5,89.3,4.2,86.8,3.1,5.7,0.0,0.0,0.0,0.0,0.0,60.8,994.2,1023.8,-1.3,=
202603031727,127,37.7,3.2,39.4,5.5,55.0,2.8,9.5,0.0,0.0,0.0,0.0,0.1,47.5,1007.4,1021.4,-1.1,=
202603031727,129,176.7,4.3,176.7,4.3,324.6,2.9,9.9,0.0,0.0,0.0,0.0,0.0,51.2,1019.4,1022.5,0.3,=
202603031727,130,291.8,3.5,122.8,4.5,289.6,3.9,4.0,1.0,0.3,1.3,4.6,9.1,93.4,1017.7,1023.8,3.0,=
202603031727,131,44.4,2.7,45.0,4.2,48.3,2.8,11.5,0.0,0.0,0.0,0.0,0.7,43.6,1014.0,1021.1,-0.5,=
202603031727,133,29.8,2.1,11.4,2.5,359.4,2.0,11.6,0.0,0.0,0.0,0.0,0.1,46.4,1013.3,1021.5,0.5,=
202603031727,135,42.9,2.3,50.5,3.4,34.7,1.5,9.3,0.0,0.0,0.0,0.0,1.4,55.0,991.7,1021.3,0.7,=
202603031727,136,104.7,2.9,87.1,4.3,89.6,1.7,8.5,0.0,0.0,0.0,0.0,0.4,48.7,1005.8,1023.1,-1.7,=
202603031727,137,111.3,0.8,123.8,1.7,80.1,0.7,10.3,0.0,0.0,0.0,0.0,1.1,56.1,1008.9,1020.6,1.9,=
202603031727,138,20.2,6.5,15.2,9.4,48.0,5.3,7.4,0.0,0.0,0.0,0.0,2.3,72.8,1021.7,1022.2,2.8,=
202603031727,140,148.0,1.7,177.4,2.5,146.3,1.9,10.1,0.0,0.0,0.0,0.0,0.0,69.8,1019.0,1022.4,4.8,=
202603031727,143,91.6,3.0,90.8,4.3,105.8,3.5,10.2,0.0,0.0,0.0,0.0,0.1,50.8,1014.1,1020.7,0.5,=
202603031727,146,336.5,4.5,320.1,6.5,312.8,5.1,12.2,0.0,0.0,0.0,0.0,1.0,52.5,1013.6,1020.9,2.8,=
202603031727,151,10.0,7.8,10.0,10.4,360.0,6.5,7.9,-99.7,0.0,0.0,0.0,3.0,67.0,1021.0,1022.1,2.2,=
202603031727,152,28.5,5.9,17.3,6.9,30.5,4.2,7.3,0.0,0.0,0.0,0.0,1.3,69.2,1011.4,1021.4,2.0,=
202603031727,155,80.0,2.7,116.0,4.2,58.9,3.2,10.3,0.0,0.0,0.0,0.0,0.7,54.8,1016.4,1020.7,1.6,=
202603031727,156,7.8,2.4,323.2,4.1,298.2,3.0,13.2,0.0,0.0,0.0,0.0,0.0,59.0,1010.9,1019.4,5.4,=
202603031727,159,69.1,4.0,62.0,5.7,65.6,5.0,10.2,-99.2,0.0,0.0,0.0,1.5,56.8,1012.1,1020.6,2.0,=
202603031727,160,63.4,4.9,50.4,6.9,53.3,3.8,5.0,0.0,0.0,0.0,0.0,0.5,77.6,959.0,1020.7,1.4,=
202603031727,162,65.5,2.5,59.6,3.8,44.4,3.0,10.1,0.0,0.0,0.0,0.0,0.3,56.5,1016.5,1020.3,1.8,=
202603031727,163,330.0,5.8,350.0,8.1,330.0,5.5,8.0,-99.7,0.0,0.0,0.0,0.3,77.0,1021.0,1022.2,4.2,=
202603031727,165,234.1,3.3,343.3,4.2,324.5,4.4,8.6,0.0,0.0,0.0,0.0,0.2,80.2,1016.5,1022.0,5.4,=
202603031727,167,90.0,3.2,140.0,4.9,90.0,3.0,11.2,-99.7,0.0,0.0,0.0,0.0,59.0,1020.1,1021.1,3.5,=
202603031727,168,96.5,3.7,102.9,4.8,96.8,3.9,10.4,0.0,0.0,0.0,0.0,0.0,56.8,1013.0,1021.0,2.2,=
202603031727,169,335.0,8.8,351.0,10.7,337.5,10.3,5.8,0.0,0.0,0.0,0.0,0.0,88.6,1013.4,1022.7,4.1,=
202603031727,170,272.0,4.4,286.0,5.6,268.5,3.7,10.0,0.0,0.0,0.0,0.0,0.1,77.7,1017.3,1021.6,6.3,=
202603031727,172,320.1,3.9,304.5,5.4,311.1,4.0,9.8,0.0,0.0,0.0,0.0,0.0,63.9,1014.8,1021.2,3.3,=
202603031727,174,160.5,3.1,160.9,3.9,165.0,2.6,10.7,0.0,0.0,0.0,0.0,0.2,57.8,999.3,1019.2,2.7,=
202603031727,175,319.1,6.6,326.5,7.7,310.9,5.5,4.9,0.0,0.0,0.0,0.0,0.0,99.9,964.7,1022.6,4.9,=
202603031727,177,59.1,3.9,62.1,4.5,58.2,3.4,10.6,0.0,0.0,0.0,0.0,0.1,55.9,1017.6,1021.0,2.2,=
202603031727,181,18.8,3.5,21.0,3.5,27.2,3.3,10.9,0.0,0.0,0.0,0.0,0.7,48.1,1017.5,1021.6,0.3,=
202603031727,182,330.0,3.9,360.0,5.5,320.0,3.2,9.7,-99.7,0.0,0.0,0.0,1.3,83.0,1018.8,1021.9,7.0,=
202603031727,184,329.9,3.4,323.4,4.8,352.2,2.7,10.6,0.0,0.0,0.0,0.0,1.5,75.4,1018.6,1021.1,6.4,=
202603031727,185,272.0,7.4,305.3,13.8,319.8,11.3,8.3,0.0,0.0,0.0,0.0,0.0,88.1,1012.7,1021.5,6.4,=
202603031727,188,206.1,2.4,41.8,4.2,29.2,2.8,10.6,0.0,0.0,0.0,0.0,0.8,70.0,1018.8,1021.3,5.4,=
202603031727,189,63.0,1.7,92.0,2.8,57.6,1.8,12.5,0.0,0.0,0.0,0.0,0.0,64.8,1014.1,1020.4,6.1,=
202603031727,192,15.1,2.4,16.8,3.3,9.1,1.8,11.6,0.0,0.0,0.0,0.0,0.7,51.8,1017.8,1021.4,2.0,=
202603031727,201,52.8,3.1,53.4,4.0,36.7,2.0,7.8,0.0,0.0,0.0,0.0,0.7,56.3,1018.4,1024.3,-0.4,=
202603031727,202,62.6,2.9,78.8,4.7,74.6,2.9,9.0,0.0,0.0,0.0,0.0,0.1,48.2,1017.5,1023.3,-1.4,=
202603031727,203,351.4,2.1,18.1,3.2,354.5,1.7,9.2,0.0,0.0,0.0,0.0,0.5,52.2,1013.3,1023.1,-0.1,=
202603031727,211,30.9,4.4,42.2,6.1,37.4,4.2,2.7,0.0,0.0,0.0,0.1,1.9,70.0,1000.0,1025.2,-2.2,=
202603031727,212,83.1,2.5,64.6,4.0,70.7,2.4,6.6,0.0,0.0,0.0,0.0,0.4,50.7,1006.6,1023.9,-2.9,=
202603031727,216,25.0,2.1,69.0,2.7,355.4,2.5,0.1,1.0,0.0,0.1,5.3,11.7,87.2,938.0,1024.8,-1.8,=
202603031727,217,20.0,1.0,350.9,1.8,2.1,1.9,4.8,0.0,0.0,0.0,0.0,1.5,60.8,986.2,1024.5,-2.1,=
202603031727,221,47.6,2.1,64.6,3.0,60.6,2.7,6.3,0.0,0.0,0.0,0.0,0.0,56.5,990.6,1023.0,-1.7,=
202603031727,226,138.6,0.5,160.3,0.7,151.7,0.8,10.6,0.0,0.0,0.0,0.0,0.6,56.8,1000.5,1021.2,2.4,=
202603031727,229,22.5,8.5,4.7,9.6,40.5,8.0,4.4,0.0,0.0,0.0,0.0,0.0,84.4,1009.5,1022.6,2.0,=
202603031727,230,328.1,3.6,331.6,4.9,327.4,4.2,6.4,0.0,0.0,0.0,0.0,0.3,67.8,1023.0,1024.5,0.9,=
202603031727,232,55.3,3.1,53.4,3.9,52.8,2.5,11.1,0.0,0.0,0.0,0.0,0.7,46.7,1011.8,1022.1,0.1,=
202603031727,235,339.0,3.5,1.0,5.0,341.4,3.5,11.2,0.0,0.0,0.0,0.0,0.1,51.5,1019.9,1021.1,1.6,=
202603031727,236,30.7,1.9,53.4,2.5,38.5,1.2,12.1,0.0,0.0,0.0,0.0,0.2,50.7,1020.1,1021.7,2.2,=
202603031727,238,341.4,0.8,8.3,1.4,339.9,1.4,10.9,0.0,0.0,0.0,0.0,0.9,56.3,1000.3,1020.9,2.5,=
202603031727,239,298.8,0.8,89.7,1.6,353.4,1.1,10.4,0.0,0.0,0.0,0.0,1.0,51.1,1010.2,1021.1,0.7,=
202603031727,243,288.7,2.2,301.2,4.0,290.8,2.7,9.5,0.0,0.0,0.0,0.0,0.0,69.5,1020.5,1022.0,4.2,=
202603031727,244,355.5,2.0,337.7,3.1,336.8,1.9,11.9,0.0,0.0,0.0,0.0,0.4,59.8,990.5,1020.0,4.3,=
202603031727,245,285.0,3.1,312.0,4.9,305.7,3.1,11.1,0.0,0.0,0.0,0.0,0.0,60.7,1013.3,1021.7,3.8,=
202603031727,247,6.9,1.5,123.8,2.1,23.3,1.8,11.6,0.0,-99.9,-99.9,-99.9,-99.2,57.4,1004.1,1020.2,3.5,=
202603031727,248,356.2,2.8,0.0,3.9,0.8,3.0,10.1,0.0,0.0,0.0,0.0,0.2,59.1,972.0,1020.5,2.5,=
202603031727,251,22.4,3.3,22.5,4.5,353.0,2.9,11.8,0.0,0.0,0.0,0.0,0.0,60.1,1013.8,1020.9,4.3,=
202603031727,252,345.0,3.2,334.7,5.7,336.6,3.2,8.8,0.0,0.0,0.0,0.0,0.0,69.7,1017.3,1021.9,3.6,=
202603031727,253,311.9,0.0,287.1,0.0,246.8,0.5,9.6,0.0,0.0,0.0,0.0,0.5,58.0,1015.0,1021.7,1.7,=
202603031727,254,347.1,4.9,237.9,5.9,342.7,3.9,12.6,0.0,0.0,0.0,0.0,0.0,54.2,1005.2,1020.8,3.6,=
202603031727,255,315.7,3.7,207.7,4.5,342.8,2.6,10.9,0.0,0.0,0.0,0.0,0.7,52.3,1014.3,1020.5,1.5,=
202603031727,257,49.0,3.6,31.4,5.6,49.3,3.7,9.7,0.0,0.0,0.0,0.0,0.8,61.5,1019.5,1020.3,2.7,=
202603031727,258,187.9,0.0,189.8,0.0,161.1,0.2,12.2,0.0,0.0,0.0,0.0,0.0,55.6,1021.2,1021.4,3.6,=
202603031727,259,271.2,2.7,268.4,3.9,264.2,2.5,10.8,0.0,0.0,0.0,0.0,0.1,78.2,1019.1,1021.1,7.2,=
202603031727,260,161.2,1.5,190.1,2.8,153.6,2.1,11.1,0.0,0.0,0.0,0.0,0.0,67.7,1015.7,1021.1,5.4,=
202603031727,261,296.4,6.4,311.3,8.1,308.0,5.4,9.4,0.0,0.0,0.0,0.0,0.0,77.7,1020.2,1022.2,5.7,=
202603031727,262,102.0,1.4,120.0,1.7,127.3,1.6,10.9,0.0,0.0,0.0,0.0,0.0,60.2,1014.6,1020.9,3.5,=
202603031727,263,48.5,2.1,51.8,3.0,61.2,1.7,9.6,0.0,0.0,0.0,0.0,0.2,48.9,1019.0,1020.7,-0.6,=
202603031727,264,157.0,1.5,173.1,2.2,171.6,1.6,10.8,0.0,0.0,0.0,0.0,0.5,54.4,1002.7,1021.1,2.0,=
202603031727,266,100.2,1.9,99.6,2.7,110.0,2.2,11.4,0.0,0.0,0.0,0.0,0.0,60.1,1010.4,1021.1,3.9,=
202603031727,268,344.4,3.1,334.6,4.0,333.5,2.7,7.5,0.0,0.0,0.0,0.0,0.0,81.9,1020.1,1021.3,4.6,=
202603031727,269,76.1,2.4,88.6,5.0,325.1,2.7,6.6,0.0,0.0,0.0,0.0,0.4,88.5,1019.5,1023.0,4.8,=
202603031727,271,0.4,2.5,2.7,3.4,5.6,3.3,4.7,0.0,0.0,0.0,0.0,0.3,57.7,983.8,1023.6,-2.9,=
202603031727,272,56.2,2.9,59.0,4.3,54.1,2.6,7.9,0.0,0.0,0.0,0.1,0.6,54.3,996.3,1022.1,-0.8,=
202603031727,273,141.6,0.9,166.0,1.1,147.3,1.3,10.2,0.0,0.0,0.0,0.0,0.8,51.8,999.9,1020.8,0.7,=
202603031727,276,359.3,3.4,353.1,4.2,44.5,2.7,7.3,0.0,0.0,0.0,0.0,1.1,53.1,996.4,1021.9,-1.6,=
202603031727,277,30.8,5.6,25.2,7.2,28.0,6.0,6.0,0.0,0.0,0.0,1.5,6.0,78.1,1018.1,1023.2,2.5,=
202603031727,278,73.5,1.8,95.6,2.3,71.8,1.9,10.3,0.0,0.0,0.0,0.0,0.4,51.1,1010.8,1020.7,0.6,=
202603031727,279,85.6,1.8,83.7,2.8,66.0,1.4,11.2,0.0,0.0,0.0,0.0,0.5,45.9,1015.2,1021.2,-0.0,=
202603031727,281,85.4,3.2,90.0,4.7,86.5,2.7,8.8,0.0,0.0,0.0,0.0,0.3,57.7,1009.9,1021.7,0.9,=
202603031727,283,31.6,4.1,31.4,6.3,31.7,5.5,7.7,0.0,0.0,0.0,0.4,2.6,67.5,1017.5,1022.5,2.1,=
202603031727,284,100.6,1.4,102.4,1.5,96.2,1.1,9.7,0.0,0.0,0.0,0.0,0.1,62.9,992.5,1020.1,3.0,=
202603031727,285,14.5,2.0,36.5,2.8,21.6,1.1,11.1,0.0,0.0,0.0,0.0,0.2,56.1,1018.1,1021.4,2.7,=
202603031727,288,44.7,2.7,64.3,3.4,71.0,2.3,10.3,0.0,0.0,0.0,0.0,1.0,59.2,1018.8,1019.8,2.7,=
202603031727,289,299.2,0.7,312.3,1.3,285.0,0.8,10.4,0.0,0.0,0.0,0.0,0.3,59.8,1005.1,1021.9,2.9,=
202603031727,294,73.6,0.8,67.5,1.7,84.2,1.1,10.5,0.0,0.0,0.0,0.0,0.6,56.0,1015.9,1021.4,2.1,=
202603031727,295,88.5,0.7,64.6,0.9,51.9,1.1,10.9,0.0,0.0,0.0,0.0,0.5,59.1,1015.7,1021.3,3.2,=
202603031727,296,96.2,4.5,54.6,6.6,54.3,5.8,9.2,0.0,0.0,0.0,0.0,0.5,67.6,1020.2,1020.6,3.5,=
202603031727,300,309.7,7.7,123.1,8.5,309.8,7.6,6.5,0.0,0.0,0.0,0.0,0.0,71.5,1016.4,1021.9,1.7,=
202603031727,301,303.0,4.3,285.0,5.9,304.7,4.3,7.5,0.0,0.0,0.0,0.0,0.0,77.9,1020.6,1021.7,3.9,=
202603031727,302,51.0,2.1,228.0,3.8,23.4,2.1,8.1,0.0,0.0,0.0,0.0,0.0,79.8,1021.5,1022.2,4.8,=
202603031727,303,306.9,11.8,318.7,14.7,309.1,11.3,5.6,0.0,0.0,0.0,0.0,0.0,85.7,1009.2,1022.3,3.4,=
202603031727,304,246.0,1.9,251.0,2.3,238.9,1.8,10.1,0.0,0.0,0.0,0.0,0.5,77.8,1018.6,1021.7,6.4,=
202603031727,305,53.4,1.9,54.5,2.6,60.9,2.9,10.3,-99.2,0.0,0.0,0.0,0.0,78.6,1018.0,1022.3,6.7,=
202603031727,306,89.9,3.4,81.8,5.1,71.3,2.8,11.0,0.0,0.0,0.0,0.0,0.0,55.6,1019.6,1020.0,2.5,=
202603031727,308,320.9,8.7,320.0,9.6,323.3,8.7,6.9,0.0,0.0,0.0,0.0,0.0,90.2,1020.1,1021.1,5.4,=
202603031727,309,31.9,5.2,43.0,6.7,32.5,4.8,6.3,0.0,-99.9,-99.9,-99.9,-99.2,53.6,1021.3,1024.4,-2.4,=
202603031727,310,308.2,3.5,304.3,4.1,305.8,3.0,3.8,1.0,0.0,0.0,4.0,12.0,92.6,1021.9,1023.7,2.7,=
202603031727,311,170.0,0.9,174.0,1.0,200.7,0.5,5.3,0.0,0.0,0.0,0.0,0.0,81.3,950.4,1023.0,2.4,=
202603031727,312,79.9,3.5,77.0,4.2,63.3,4.0,6.3,0.0,0.0,0.0,1.0,4.0,63.0,990.1,1022.1,-0.2,=
202603031727,313,50.0,1.7,92.0,2.7,53.8,1.6,9.3,0.0,0.0,0.0,0.0,1.0,72.1,1012.0,1020.6,4.5,=
202603031727,314,306.4,1.3,323.1,2.7,332.2,1.1,-0.6,0.0,-99.9,-99.9,-99.9,-99.2,92.1,847.4,1021.3,-1.7,=
202603031727,315,117.0,1.2,146.0,1.6,92.5,1.3,3.3,0.0,0.0,0.0,0.0,0.0,85.3,894.6,1021.4,1.1,=
202603031727,316,307.0,1.4,336.0,3.7,305.5,1.2,7.2,0.0,0.0,0.0,0.0,0.0,76.6,914.6,1020.6,3.4,=
202603031727,317,317.9,3.3,334.4,5.7,323.9,2.8,11.3,0.0,0.0,0.0,0.0,0.0,56.5,1007.4,1020.2,3.0,=
202603031727,318,31.9,2.1,19.3,3.7,22.5,2.2,-2.0,0.0,0.0,0.0,8.5,13.5,96.5,922.4,1025.8,-2.5,=
202603031727,319,190.3,2.8,201.8,4.1,126.6,2.3,6.0,0.0,0.0,0.0,4.0,9.0,75.4,1015.0,1022.2,2.0,=
202603031727,320,-99.2,-99.2,-99.2,-99.2,-99.9,-99.9,-5.0,0.0,0.5,1.0,8.5,11.0,95.2,875.7,1026.3,-5.6,=
202603031727,321,47.2,2.1,43.1,2.8,54.9,2.2,1.7,0.0,0.0,0.0,0.0,3.5,75.7,994.3,1026.0,-2.1,=
202603031727,322,308.0,2.5,316.4,3.8,315.3,3.1,2.9,0.0,0.0,0.0,0.0,0.5,69.1,997.9,1025.7,-2.2,=
202603031727,323,60.0,2.6,75.4,3.2,48.3,2.6,2.3,0.0,0.0,0.0,0.0,2.0,70.9,991.9,1026.2,-2.4,=
202603031727,324,7.5,0.3,320.9,1.4,82.8,0.6,9.0,0.0,0.0,0.0,0.0,0.5,47.5,1003.2,1022.2,-1.6,=
202603031727,325,81.0,2.6,154.0,4.3,76.4,3.0,7.3,0.0,0.0,0.0,0.0,0.0,52.9,994.5,1022.7,-1.7,=
202603031727,326,45.6,2.6,40.2,3.7,40.4,1.4,6.4,0.0,0.0,0.0,0.0,0.5,59.3,999.1,1022.6,-1.0,=
202603031727,327,309.2,3.1,322.8,4.3,324.0,2.2,11.2,0.0,0.0,0.0,0.5,1.0,44.4,1008.9,1020.7,-0.5,=
202603031727,328,326.9,5.2,322.5,6.6,326.7,6.0,8.3,0.0,0.0,0.0,0.0,0.0,76.5,1012.8,1020.3,4.4,=
202603031727,329,305.4,1.6,305.5,2.2,303.1,1.2,7.0,0.0,0.0,0.0,1.5,6.5,92.6,976.1,1021.7,5.9,=
202603031727,330,329.3,2.0,320.3,2.4,326.9,2.4,9.6,0.0,0.0,0.0,0.0,1.5,77.2,1003.9,1021.5,5.8,=
202603031727,331,322.3,5.4,322.1,6.8,323.7,5.2,8.2,0.0,0.0,0.0,0.0,0.0,82.3,967.2,1018.7,5.4,=
202603031727,332,88.3,0.2,347.7,2.5,238.0,0.6,3.0,1.0,1.0,2.0,11.5,24.0,96.0,1018.8,1025.0,2.4,=
202603031727,333,274.0,3.0,281.2,4.0,275.1,2.8,2.5,1.0,0.5,1.5,12.0,21.0,91.8,1022.4,1024.4,1.3,=
202603031727,334,281.6,1.1,279.0,1.9,279.2,1.7,0.6,0.0,0.0,0.5,12.5,18.5,98.7,1022.8,1025.9,0.4,=
202603031727,335,95.7,3.1,100.9,4.0,92.7,2.0,4.9,0.0,0.0,0.0,0.0,0.0,58.9,973.7,1023.2,-2.5,=
202603031727,336,26.2,1.5,38.7,3.8,39.1,1.7,7.0,0.0,0.0,0.0,0.0,0.0,52.7,997.6,1023.4,-2.0,=
202603031727,337,67.5,2.0,61.0,2.9,77.2,2.7,7.2,0.0,0.0,0.0,0.0,0.0,50.7,998.2,1023.0,-2.3,=
202603031727,338,23.7,3.8,27.0,6.0,20.9,2.9,3.7,0.0,0.0,0.0,0.0,0.5,63.9,965.2,1024.4,-2.5,=
202603031727,339,70.8,2.1,74.0,2.9,51.1,1.9,7.2,0.0,0.0,0.0,0.0,0.5,54.6,992.0,1022.7,-1.3,=
202603031727,340,58.3,2.3,74.8,3.4,58.6,2.5,8.2,0.0,0.0,0.0,0.0,0.0,51.9,1006.7,1023.6,-1.1,=
202603031727,341,336.2,4.3,333.4,6.1,336.1,4.4,12.0,0.0,0.0,0.0,0.0,1.0,52.8,1017.4,1021.4,2.7,=
202603031727,343,13.6,2.4,21.4,3.5,26.9,2.0,6.8,0.0,0.0,0.0,0.0,1.0,57.7,1014.3,1024.8,-1.0,=
202603031727,344,22.0,2.1,43.0,2.6,4.6,2.6,11.3,0.0,0.0,0.0,0.0,0.0,43.9,1007.5,1021.6,-0.5,=
202603031727,345,49.6,2.8,67.3,4.6,41.2,3.5,8.8,0.0,0.0,0.0,0.0,0.0,48.6,1007.9,1021.3,-1.4,=
202603031727,346,329.7,2.6,334.6,3.5,319.8,2.8,2.2,1.0,0.0,0.5,6.5,26.0,95.8,1017.8,1024.5,1.6,=
202603031727,347,326.7,4.8,321.4,6.3,324.8,4.4,8.6,0.0,0.0,0.0,0.0,0.0,46.7,1003.8,1022.4,-2.2,=
202603031727,348,158.0,1.3,54.7,2.7,213.5,1.8,1.8,1.0,0.0,0.0,5.0,11.5,93.2,1025.3,1026.1,0.8,=
202603031727,349,291.2,0.9,335.1,1.7,337.2,2.0,5.1,0.0,0.0,0.0,0.0,0.0,66.6,988.3,1022.0,-0.6,=
202603031727,350,59.1,0.5,59.1,0.7,55.4,0.8,-0.9,1.0,-99.9,-99.9,-99.9,-99.2,81.7,951.8,1026.5,-3.6,=
202603031727,351,344.0,7.6,-99.2,-99.2,-99.9,-99.9,7.6,0.0,0.0,0.0,0.0,0.5,-99.7,-99.7,-99.9,-99.9,=
202603031727,352,15.0,2.2,-99.2,-99.2,10.6,3.0,8.8,-99.2,0.0,0.0,0.0,1.5,-99.2,-99.7,-99.9,-99.9,=
202603031727,355,100.1,0.0,50.6,9.5,0.0,0.0,10.4,0.0,0.0,0.0,0.0,0.0,45.2,500.0,-99.9,-1.0,=
202603031727,356,358.2,2.5,21.4,9.9,353.7,2.1,10.3,0.0,0.0,0.0,0.0,0.5,46.1,500.2,-99.9,-0.8,=
202603031727,358,249.9,2.1,110.0,7.6,294.6,3.0,10.1,0.0,0.0,0.0,0.0,0.0,51.5,500.0,-99.9,0.6,=
202603031727,359,-99.9,-99.9,-99.9,-99.9,-99.9,-99.9,-99.9,-99.9,-99.9,-99.9,-99.9,-99.2,-99.9,-99.9,-99.9,-99.9,=
202603031727,360,-99.9,-99.9,-99.9,-99.9,-99.9,-99.9,-99.9,-99.9,-99.9,-99.9,-99.9,-99.9,-99.9,-99.9,-99.9,-99.9,=
202603031727,361,28.4,1.3,36.5,14.6,39.6,2.8,6.6,0.0,0.0,0.0,0.0,0.0,61.8,500.0,-99.9,-0.2,=
202603031727,363,57.4,3.8,57.3,4.5,48.3,3.7,7.1,0.0,0.0,0.0,0.0,0.5,50.4,1004.6,1021.7,-2.5,=
202603031727,364,322.3,1.8,140.9,8.4,328.1,2.1,9.9,0.0,0.0,0.0,0.0,1.0,43.4,500.0,-99.9,-2.0,=
202603031727,365,284.1,-99.2,284.1,-99.2,-99.9,-99.9,-99.2,0.0,0.0,0.0,0.0,0.5,-99.2,-99.7,-99.9,-99.9,=
202603031727,366,85.4,0.8,121.0,6.6,86.4,0.7,8.9,0.0,0.0,0.0,0.0,1.0,53.7,500.0,-99.9,0.0,=
202603031727,367,89.5,1.6,51.8,8.4,71.9,1.3,9.7,0.0,0.0,0.0,0.0,1.0,51.4,500.0,-99.9,0.2,=
202603031727,368,35.2,4.5,-99.2,-99.2,37.4,4.3,8.7,-99.2,0.0,0.0,0.0,0.5,45.7,-99.7,-99.9,-2.4,=
202603031727,369,99.8,0.0,42.8,10.2,42.5,0.5,9.5,0.0,0.0,0.0,0.0,0.5,50.2,500.0,-99.9,-0.4,=
202603031727,370,-99.9,-99.9,-99.9,-99.9,-99.9,-99.9,-99.9,-99.9,-99.9,-99.9,-99.9,-99.2,-99.9,-99.9,-99.9,-99.9,=
202603031727,371,73.7,2.1,100.8,8.9,75.0,1.5,9.6,0.0,0.0,0.0,0.0,0.5,52.4,500.0,-99.9,0.3,=
202603031727,372,79.0,1.5,57.0,2.0,52.4,1.4,8.6,-99.2,-99.9,-99.9,-99.9,-99.2,58.8,-99.7,-99.9,1.0,=
202603031727,373,38.0,1.7,46.0,3.0,45.3,1.8,8.2,-99.2,0.0,0.0,0.0,2.0,56.1,-99.7,-99.9,-0.0,=
202603031727,374,43.5,2.5,49.9,9.2,49.2,2.3,10.5,-99.2,-99.9,-99.9,-99.9,-99.2,47.4,500.0,-99.9,-0.2,=
202603031727,375,12.0,2.3,9.0,3.0,26.8,1.2,9.2,-99.2,0.0,0.0,0.0,1.5,59.9,-99.7,-99.9,1.8,=
202603031727,376,107.1,1.3,82.2,2.6,75.5,1.1,9.3,0.0,0.0,0.0,0.0,1.0,50.1,1014.1,1022.5,-0.6,=
202603031727,377,60.2,1.7,31.5,2.8,43.4,2.1,9.7,0.0,-99.9,-99.9,-99.9,-99.2,46.4,1019.0,1022.4,-1.2,=
202603031727,378,253.0,1.1,265.0,1.3,269.8,0.7,11.7,0.0,0.0,0.0,0.0,0.0,48.9,1012.8,1021.4,1.3,=
202603031727,379,346.5,1.1,327.8,1.9,302.3,1.7,9.9,0.0,0.0,0.0,0.0,0.5,59.6,985.4,1020.5,2.4,=
202603031727,400,50.8,1.5,123.5,2.8,59.8,1.8,10.0,0.0,0.0,0.0,0.0,1.0,49.8,1021.5,1023.1,-0.0,=
202603031727,401,142.4,1.3,119.4,2.4,103.4,1.4,9.4,0.0,0.0,0.0,0.0,1.0,45.8,1017.6,1021.7,-1.7,=
202603031727,402,58.4,2.2,58.9,2.9,76.1,2.2,8.5,0.0,0.0,0.0,0.0,0.5,46.9,1015.3,1022.1,-2.2,=
202603031727,403,11.0,1.8,13.0,3.6,355.4,3.4,9.3,0.0,0.0,0.0,0.0,0.0,45.4,1016.0,1022.6,-1.9,=
202603031727,404,13.0,1.6,31.0,2.2,30.3,1.4,10.3,0.0,0.0,0.0,0.0,0.0,48.9,1021.7,1022.8,0.0,=
202603031727,405,95.7,1.7,97.4,2.8,73.9,1.8,9.8,0.0,-99.9,-99.9,-99.9,-99.2,46.2,1019.6,1022.4,-1.2,=
202603031727,406,36.0,1.4,4.0,3.6,3.5,1.3,10.5,0.0,0.0,0.0,0.0,1.5,46.8,1016.2,1023.1,-0.4,=
202603031727,407,37.0,2.0,34.0,2.8,46.1,1.9,9.0,0.0,-99.9,-99.9,-99.9,-99.2,48.5,1020.1,1023.2,-1.3,=
202603031727,408,94.0,1.8,106.0,3.3,114.2,2.0,9.3,0.0,0.0,0.0,0.0,0.0,45.6,1016.9,1023.5,-1.8,=
202603031727,409,40.4,3.9,34.9,5.6,51.6,2.8,9.1,0.0,0.0,0.0,0.0,1.0,46.5,1017.2,1022.0,-1.8,=
202603031727,410,112.2,2.8,95.6,4.0,97.8,2.0,8.0,0.0,0.0,0.0,0.0,1.5,48.6,1017.7,1022.9,-2.2,=
202603031727,411,82.9,2.0,66.6,2.6,70.4,2.5,8.7,0.0,0.0,0.0,0.0,0.0,52.9,1009.7,1022.0,-0.4,=
202603031727,412,88.3,0.9,98.1,1.3,62.0,1.2,8.4,0.0,-99.9,-99.9,-99.9,-99.2,49.5,1010.2,1022.9,-1.6,=
202603031727,413,78.0,1.0,117.0,1.3,67.1,1.2,9.2,0.0,0.0,0.0,0.0,0.0,46.7,1019.2,1022.9,-1.6,=
202603031727,414,109.2,2.9,83.2,3.7,87.0,2.4,8.4,0.0,0.0,0.0,0.0,2.0,49.6,1006.8,1022.6,-1.5,=
202603031727,415,50.9,1.0,290.6,1.8,32.0,1.9,10.1,0.0,0.0,0.0,0.0,1.0,45.1,1018.8,1022.7,-1.3,=
202603031727,416,97.4,1.4,89.1,2.1,88.7,1.0,9.1,0.0,0.0,0.0,0.0,1.5,46.3,1015.0,1021.7,-1.8,=
202603031727,417,69.7,2.3,82.6,3.4,85.3,1.4,9.6,0.0,0.0,0.0,0.0,1.0,46.3,1017.1,1022.6,-1.4,=
202603031727,418,106.2,2.6,108.6,3.3,93.8,2.2,9.6,0.0,0.0,0.0,0.0,1.0,54.4,1021.5,1022.8,0.8,=
202603031727,419,65.0,2.8,67.8,3.9,64.9,2.9,6.8,0.0,0.0,0.0,0.0,0.0,53.2,990.2,1022.8,-2.1,=
202603031727,421,96.5,2.1,132.9,3.2,67.6,2.9,9.6,0.0,0.0,0.0,0.0,1.0,45.7,1018.1,1022.4,-1.5,=
202603031727,423,23.0,1.6,42.0,2.0,20.2,1.8,10.5,0.0,0.0,0.0,0.0,1.5,46.6,1016.1,1023.0,-0.5,=
202603031727,424,31.5,1.1,10.4,2.1,341.2,1.1,9.3,0.0,0.0,0.0,0.0,1.5,48.5,1014.1,1022.7,-1.0,=
202603031727,425,126.6,0.1,126.6,0.5,111.5,1.0,7.9,0.0,0.0,0.0,0.0,1.0,55.0,1009.2,1023.1,-0.6,=
202603031727,426,307.8,3.4,319.7,6.2,299.1,3.5,3.4,0.0,0.0,0.0,0.0,0.0,81.2,1006.7,1025.1,0.5,=
202603031727,427,322.9,3.9,344.4,6.1,299.2,3.4,8.9,0.0,0.0,0.0,0.0,1.0,55.8,1021.8,1022.9,0.5,=
202603031727,428,106.7,3.3,179.4,4.6,60.2,2.4,9.4,0.0,0.0,0.0,0.0,0.0,52.5,1019.1,1022.0,0.2,=
202603031727,430,352.3,2.0,4.2,6.8,354.5,1.1,9.7,0.0,0.0,0.0,0.0,1.0,48.8,500.0,-99.9,-0.6,=
202603031727,431,78.3,0.0,16.9,0.0,0.0,0.0,8.6,-99.2,-99.9,-99.9,-99.9,-99.2,50.5,-99.7,-99.9,-1.1,=
202603031727,432,320.1,0.6,43.2,6.6,1.7,1.2,11.2,0.0,-99.9,-99.9,-99.9,-99.2,44.4,500.0,-99.9,-0.5,=
202603031727,433,268.3,0.9,344.0,1.9,286.5,0.9,10.2,-99.2,0.0,0.0,0.0,1.0,48.6,-99.7,-99.9,-0.2,=
202603031727,434,23.0,3.6,19.7,4.4,20.4,3.6,9.9,-99.2,0.0,0.0,0.0,1.0,-99.2,-99.7,-99.9,-99.9,=
202603031727,435,42.4,1.7,50.8,2.2,39.2,1.8,9.6,-99.2,0.0,0.0,0.0,1.0,-99.2,-99.7,-99.9,-99.9,=
202603031727,436,270.8,0.4,259.4,0.8,309.0,0.5,9.7,0.0,0.0,0.0,0.0,1.0,50.6,-99.7,-99.9,-0.1,=
202603031727,437,151.9,1.9,166.4,3.0,105.0,1.9,10.2,-99.2,0.0,0.0,0.0,1.5,45.6,-99.7,-99.9,-1.0,=
202603031727,438,51.6,1.3,19.7,2.4,35.0,1.7,9.4,-99.2,0.0,0.0,0.0,0.5,44.5,-99.7,-99.9,-2.1,=
202603031727,439,22.4,1.4,355.3,2.3,15.1,2.0,11.7,-99.2,0.0,0.0,0.0,0.5,41.4,-99.7,-99.9,-1.0,=
202603031727,440,72.8,4.2,57.1,10.2,93.7,3.1,9.0,-99.2,0.0,0.0,0.0,0.5,-99.2,500.0,-99.9,-99.9,=
202603031727,441,294.2,1.2,-99.2,-99.2,297.6,2.3,9.8,0.0,0.0,0.0,0.0,0.5,56.6,500.0,-99.9,1.6,=
202603031727,442,-99.9,-99.9,-99.9,-99.9,-99.9,-99.9,-99.9,-99.2,-99.9,-99.9,-99.9,-99.9,-99.9,-99.9,-99.9,-99.9,=
202603031727,443,62.9,2.2,59.2,2.5,55.9,2.2,8.9,-99.2,0.0,0.0,0.0,1.5,50.1,-99.7,-99.9,-0.9,=
202603031727,444,91.5,0.8,96.7,7.9,22.9,1.2,8.9,0.0,0.0,0.0,0.0,0.0,50.6,500.0,-99.9,-0.8,=
202603031727,445,66.1,2.1,82.7,6.0,72.2,1.5,9.3,0.0,0.0,0.0,0.5,1.0,50.0,500.0,-99.9,-0.6,=
202603031727,446,134.9,1.7,135.2,6.9,122.9,1.9,10.7,0.0,0.0,0.0,0.0,0.5,49.8,500.0,-99.9,0.6,=
202603031727,447,278.4,2.4,267.5,10.6,272.0,2.5,9.1,0.0,0.0,0.0,0.0,0.0,49.5,500.0,-99.9,-0.9,=
202603031727,448,-99.2,-99.2,-99.2,-99.2,-99.9,-99.9,7.2,0.0,-99.9,-99.9,-99.9,-99.2,55.2,500.0,-99.9,-1.2,=
202603031727,449,338.8,1.3,335.6,2.1,2.3,1.8,9.7,-99.2,0.0,0.0,0.0,0.5,49.7,-99.7,-99.9,-0.3,=
202603031727,450,50.0,0.9,33.8,1.2,53.3,1.2,10.3,0.0,0.0,0.0,0.0,1.5,45.2,-99.7,-99.9,-1.1,=
202603031727,451,106.3,1.6,8.5,2.3,45.1,2.6,8.5,-99.2,0.0,0.0,0.5,1.0,47.6,-99.7,-99.9,-2.0,=
202603031727,452,283.2,1.6,301.7,2.9,285.2,1.7,7.8,-99.2,-99.9,-99.9,-99.9,-99.2,52.3,-99.7,-99.9,-1.4,=
202603031727,453,119.6,0.7,95.9,1.5,125.0,1.1,10.0,0.0,0.0,0.0,0.0,1.0,-99.2,-99.7,-99.9,-99.9,=
202603031727,454,22.5,3.6,-99.2,-99.2,25.0,3.1,7.2,-99.2,-99.9,-99.9,-99.9,-99.2,-99.2,-99.7,-99.9,-99.9,=
202603031727,455,53.5,3.0,53.6,3.5,70.5,2.1,6.9,0.0,0.0,0.0,0.0,0.5,57.3,-99.7,-99.9,-1.0,=
202603031727,456,349.4,3.3,0.0,4.7,347.9,3.8,7.2,0.0,0.0,0.0,0.0,0.5,53.6,-99.7,-99.9,-1.6,=
202603031727,457,251.7,3.0,248.2,4.0,259.5,2.5,9.4,-99.2,0.0,0.0,0.0,0.0,53.6,-99.7,-99.9,0.5,=
202603031727,458,349.4,2.1,42.3,3.6,339.2,1.9,9.1,0.0,0.0,0.0,0.0,1.5,48.4,-99.7,-99.9,-1.2,=
202603031727,459,-99.9,-99.9,-99.9,-99.9,-99.9,-99.9,-99.9,-99.9,-99.9,-99.9,-99.9,-99.9,-99.2,-99.9,-99.9,-99.9,=
202603031727,460,-99.9,-99.2,-99.9,-99.9,-99.9,-99.9,-99.9,-99.9,-99.9,-99.9,-99.9,-99.9,-99.9,-99.9,-99.9,-99.9,=
202603031727,461,83.7,0.9,62.0,1.7,55.5,0.5,10.6,0.0,0.0,0.0,0.0,0.5,46.0,-99.7,-99.9,-0.5,=
202603031727,462,6.4,3.7,349.7,4.6,9.7,3.1,9.5,-99.2,0.0,0.0,0.0,1.0,50.6,-99.7,-99.9,-0.2,=
202603031727,463,267.5,2.0,274.5,9.3,261.1,2.1,9.3,0.0,0.0,0.0,0.0,0.5,51.5,500.0,-99.9,-0.2,=
202603031727,464,201.4,2.0,200.7,7.9,206.1,2.3,10.4,0.0,0.0,0.0,0.0,0.5,48.5,500.0,-99.9,0.0,=
202603031727,465,308.3,0.0,9.4,10.7,312.5,0.1,10.2,0.0,0.0,0.0,0.0,0.5,52.9,500.0,-99.9,1.0,=
202603031727,466,59.7,3.2,20.3,10.7,37.2,2.9,9.6,0.0,0.0,0.0,0.0,0.5,52.5,500.0,-99.9,0.4,=
202603031727,467,144.8,0.0,101.5,0.0,123.7,0.5,10.0,-99.2,0.0,0.0,0.0,0.5,-99.2,-99.7,-99.9,-99.9,=
202603031727,468,348.6,0.5,2.8,0.8,26.2,1.3,10.6,0.0,0.0,0.0,0.0,0.5,51.5,-99.7,-99.9,1.0,=
202603031727,469,235.6,1.7,214.3,2.8,281.9,1.8,8.6,-99.2,0.0,0.0,0.0,1.0,-99.2,-99.7,-99.9,-99.9,=
202603031727,470,-99.9,-99.9,-99.2,-99.2,-99.9,-99.9,-99.9,-99.2,-99.9,-99.9,-99.9,-99.2,-99.9,-99.9,-99.9,-99.9,=
202603031727,471,325.0,1.1,282.0,1.7,307.1,1.5,10.8,0.0,0.0,0.0,0.0,0.0,-99.2,-99.7,-99.9,-99.9,=
202603031727,472,302.9,2.7,296.1,4.4,298.3,3.1,10.2,0.0,0.0,0.0,0.0,0.5,58.4,-99.7,-99.9,2.4,=
202603031727,473,108.9,3.1,118.4,4.5,116.7,2.6,7.3,-99.2,-99.9,-99.9,-99.9,-99.2,55.6,-99.7,-99.9,-1.0,=
202603031727,474,343.6,2.5,33.8,3.8,352.2,2.6,5.4,0.0,-99.9,-99.9,-99.9,-99.2,-99.2,-99.7,-99.9,-99.9,=
202603031727,475,18.5,3.0,19.4,9.6,10.9,2.5,4.2,-99.2,-99.9,-99.9,-99.9,-99.2,66.6,500.0,-99.9,-1.5,=
202603031727,476,302.8,0.4,304.6,1.0,292.1,0.5,7.6,0.0,-99.9,-99.9,-99.9,-99.2,53.0,-99.7,-99.9,-1.4,=
202603031727,477,-99.2,-99.2,-99.2,-99.2,-99.9,-99.9,-99.2,-99.2,0.0,0.0,0.0,1.0,-99.2,-99.7,-99.9,-99.9,=
202603031727,478,332.2,0.0,327.1,0.0,0.0,0.0,7.2,0.0,-99.9,-99.9,-99.9,-99.2,-99.2,-99.7,-99.9,-99.9,=
202603031727,479,32.8,3.6,39.5,4.7,31.1,3.8,7.6,-99.2,-99.9,-99.9,-99.9,-99.2,-99.2,-99.7,-99.9,-99.9,=
202603031727,480,327.0,3.0,327.1,4.4,338.0,2.2,7.4,-99.2,-99.9,-99.9,-99.9,-99.2,52.7,-99.7,-99.9,-1.6,=
202603031727,481,14.6,2.9,14.1,3.9,5.9,2.6,8.2,0.0,-99.9,-99.9,-99.9,-99.2,-99.2,-99.7,-99.9,-99.9,=
202603031727,482,19.8,2.1,324.3,4.1,29.6,2.0,9.1,-99.2,0.0,0.0,0.0,1.0,48.7,-99.7,-99.9,-1.1,=
202603031727,483,-99.9,-99.9,-99.9,-99.9,-99.9,-99.9,-99.9,-99.2,-99.9,-99.9,-99.9,-99.9,-99.2,-99.9,-99.9,-99.9,=
202603031727,484,-99.9,-99.9,-99.9,-99.9,-99.9,-99.9,-99.9,-99.2,-99.9,-99.9,-99.9,-99.9,-99.9,-99.9,-99.9,-99.9,=
202603031727,485,186.9,1.4,169.2,2.4,181.7,2.2,8.5,0.0,0.0,0.0,0.0,1.5,-99.2,-99.7,-99.9,-99.9,=
202603031727,486,49.9,3.0,53.6,3.7,66.2,3.5,8.2,0.0,0.0,0.0,0.0,0.0,-99.2,-99.7,-99.9,-99.9,=
202603031727,487,42.0,2.8,28.2,4.2,42.4,3.2,8.8,-99.2,0.0,0.0,0.0,1.5,-99.2,-99.7,-99.9,-99.9,=
202603031727,488,248.3,1.9,310.0,6.7,266.7,2.7,9.0,0.0,0.0,0.0,0.0,0.0,60.6,500.0,-99.9,1.8,=
202603031727,489,330.7,1.7,338.4,4.3,334.1,3.2,9.8,-99.2,0.0,0.0,0.0,0.5,52.7,-99.7,-99.9,0.6,=
202603031727,491,74.5,6.1,58.0,10.5,66.8,4.7,7.0,-99.2,0.0,0.0,0.0,0.5,57.0,500.0,-99.9,-0.9,=
202603031727,492,34.8,2.5,46.7,12.0,31.5,3.0,9.3,-99.2,0.0,0.0,0.0,0.0,52.4,500.0,-99.9,0.1,=
202603031727,493,12.9,2.5,12.7,3.0,8.8,2.5,10.8,0.0,0.0,0.0,0.0,0.0,46.6,1017.4,1021.7,-0.2,=
202603031727,494,63.2,2.8,295.8,3.5,29.2,2.1,11.2,0.0,0.0,0.0,0.0,1.5,53.0,1008.3,1021.2,2.0,=
202603031727,495,35.6,2.7,35.6,2.9,38.2,3.2,10.5,0.0,-99.9,-99.9,-99.9,-99.2,52.9,1020.5,1022.1,1.3,=
202603031727,496,39.1,2.1,36.0,2.6,40.4,2.5,11.1,0.0,0.0,0.0,0.0,0.0,55.9,1017.6,1020.9,2.6,=
202603031727,497,7.0,0.8,7.0,1.1,7.0,0.9,-1.1,1.0,-99.9,-99.9,-99.9,-99.2,95.0,944.7,1025.6,-1.8,=
202603031727,498,202.0,0.2,213.0,0.8,217.2,0.3,-3.3,1.0,0.0,0.0,5.5,12.5,98.1,904.2,1027.1,-3.6,=
202603031727,500,358.0,3.2,348.4,4.4,15.7,3.4,8.3,0.0,0.0,0.0,0.0,0.5,54.0,1017.5,1023.4,-0.5,=
202603031727,501,305.0,2.9,359.9,4.7,309.3,2.4,6.1,0.0,0.0,0.0,0.0,0.0,69.7,1023.7,1024.7,1.0,=
202603031727,502,24.0,3.1,5.4,3.8,22.3,2.7,7.4,0.0,0.0,0.0,0.0,0.5,62.2,1022.3,1024.0,0.6,=
202603031727,503,7.0,4.5,8.0,5.9,11.0,5.4,7.2,0.0,0.0,0.0,0.0,0.5,55.8,1022.0,1024.3,-1.0,=
202603031727,504,36.8,2.8,11.0,3.9,27.1,3.3,6.9,0.0,-99.9,-99.9,-99.9,-99.2,58.6,1010.5,1023.5,-0.7,=
202603031727,505,112.0,2.3,129.8,3.0,91.2,2.7,7.0,0.0,0.0,0.0,0.0,1.0,56.3,1003.5,1024.5,-1.1,=
202603031727,506,64.0,3.1,124.1,3.8,44.7,3.0,8.6,0.0,0.0,0.0,0.0,2.0,52.5,1021.9,1023.5,-0.6,=
202603031727,507,57.0,1.9,90.8,3.7,63.4,1.2,6.5,0.0,0.0,0.0,0.0,0.5,57.2,1014.6,1024.0,-1.4,=
202603031727,508,310.4,3.6,336.6,5.5,305.9,3.5,6.4,0.0,0.0,0.0,0.0,0.5,65.9,1005.5,1022.9,0.5,=
202603031727,509,73.6,1.9,56.8,3.1,40.4,1.9,8.5,0.0,0.0,0.0,0.0,1.5,50.6,1004.4,1021.7,-1.2,=
202603031727,510,94.1,0.9,60.1,1.4,97.1,1.2,10.0,0.0,0.0,0.0,0.0,1.5,46.2,1019.7,1022.8,-1.0,=
202603031727,511,291.1,3.1,304.0,4.7,292.1,3.1,8.9,0.0,0.0,0.0,0.0,2.0,53.8,1022.3,1023.2,0.0,=
202603031727,512,270.3,3.6,322.9,4.6,281.6,3.8,9.8,0.0,0.0,0.0,0.0,1.0,50.7,1021.7,1022.7,0.1,=
202603031727,513,336.3,5.7,338.2,6.3,335.9,6.4,4.7,0.0,0.0,0.0,0.0,0.0,77.2,1020.2,1023.9,1.0,=
202603031727,514,273.3,2.2,303.4,4.2,270.6,2.4,7.3,0.0,0.0,0.0,0.0,0.5,64.1,1021.7,1022.9,1.0,=
202603031727,515,304.8,4.6,296.8,5.3,312.7,4.8,9.8,0.0,0.0,0.0,0.0,0.0,59.4,1020.7,1022.0,2.3,=
202603031727,516,301.0,0.9,78.0,1.6,351.0,0.8,11.4,0.0,0.0,0.0,0.0,0.0,48.4,1019.2,1022.1,0.9,=
202603031727,517,253.6,1.3,237.7,1.8,241.5,1.6,1.1,0.0,0.0,0.5,17.5,26.0,94.8,1025.8,1026.6,0.4,=
202603031727,518,122.0,1.5,158.0,2.0,104.8,1.7,-0.7,0.0,-99.9,-99.9,-99.9,-99.2,86.4,968.7,1026.9,-2.7,=
202603031727,519,12.1,2.5,78.8,3.4,36.2,2.1,3.2,0.0,0.0,0.0,0.0,1.0,71.5,987.3,1024.1,-1.5,=
202603031727,520,335.0,0.7,345.0,0.8,213.9,0.5,0.6,1.0,0.0,0.0,10.0,22.5,97.7,1009.5,1026.7,0.3,=
202603031727,522,317.5,2.1,319.8,2.6,2.3,2.5,5.0,0.0,0.0,0.0,0.0,0.5,61.6,998.8,1023.2,-1.8,=
202603031727,523,279.1,2.6,228.3,3.4,304.0,2.1,1.5,1.0,0.5,1.5,12.0,21.5,93.8,1024.0,1025.1,0.6,=
202603031727,524,305.9,2.9,177.7,3.8,310.3,2.2,2.4,1.0,0.5,1.5,9.0,17.0,94.4,1024.0,1024.5,1.6,=
202603031727,525,142.0,3.0,130.7,3.7,142.2,3.3,2.3,0.0,0.0,0.0,0.0,0.0,69.5,955.2,1024.3,-2.7,=
202603031727,526,48.4,3.2,207.2,4.7,62.1,2.3,6.0,0.0,0.0,0.0,0.0,0.0,55.7,985.5,1022.5,-2.2,=
202603031727,527,50.1,3.3,41.3,5.5,52.1,3.9,3.9,0.0,0.0,0.0,0.0,0.0,61.9,975.2,1023.2,-2.7,=
202603031727,529,313.8,1.8,328.7,2.5,64.6,1.6,4.7,1.0,0.0,0.0,11.0,21.0,84.2,1019.9,1024.4,2.3,=
202603031727,530,314.3,1.7,299.0,2.9,317.5,1.3,4.1,0.0,0.0,0.0,6.5,19.5,90.2,-99.7,-99.9,2.6,=
202603031727,531,345.0,1.8,15.0,2.6,357.0,1.8,6.3,0.0,0.0,0.0,0.0,0.5,57.2,1010.8,1024.4,-1.5,=
202603031727,532,54.0,1.9,76.0,3.4,64.8,1.9,8.7,0.0,0.0,0.0,0.0,2.0,50.1,1012.5,1023.5,-1.1,=
202603031727,533,19.9,3.3,357.2,4.3,19.1,2.6,8.9,0.0,-99.9,-99.9,-99.9,-99.2,49.1,-99.7,-99.9,-1.2,=
202603031727,534,333.0,3.2,356.0,4.7,329.8,4.0,9.6,0.0,0.0,0.0,0.0,0.0,51.7,1011.6,1022.4,0.1,=
202603031727,535,91.0,1.7,127.0,2.0,90.2,3.4,4.7,0.0,0.0,0.0,0.0,0.0,55.6,985.5,1024.0,-3.4,=
202603031727,536,52.2,2.0,71.9,2.8,40.0,2.6,8.3,0.0,0.0,0.0,0.5,0.5,44.4,1008.7,1022.7,-3.1,=
202603031727,537,356.0,2.7,17.0,3.5,345.1,3.2,1.0,0.0,0.0,0.0,2.5,9.5,86.4,965.1,1025.2,-1.0,=
202603031727,538,5.0,5.1,18.0,6.7,13.5,5.2,5.5,0.0,0.0,0.0,0.0,0.5,57.9,1014.4,1024.8,-2.1,=
202603031727,539,2.7,4.1,18.5,4.7,13.5,3.8,6.5,0.0,0.0,0.0,0.0,1.0,51.5,1005.8,1023.7,-2.8,=
202603031727,540,67.7,0.6,58.0,1.0,28.4,1.2,9.2,0.0,0.0,0.0,0.0,0.5,55.2,1016.0,1021.5,0.7,=
202603031727,541,116.0,3.3,131.0,4.7,111.8,2.9,9.2,0.0,0.0,0.0,0.0,0.5,47.3,1020.1,1023.2,-1.4,=
202603031727,542,20.0,4.1,31.0,6.1,17.9,4.3,7.5,0.0,0.0,0.0,0.0,1.0,52.2,1018.5,1023.7,-1.7,=
202603031727,543,258.0,1.7,292.2,2.9,268.0,2.6,8.8,0.0,0.0,0.0,0.0,1.0,56.9,1019.7,1022.9,0.7,=
202603031727,544,320.2,3.8,329.0,5.7,317.4,3.8,8.1,0.0,0.0,0.0,0.0,0.0,66.7,1021.0,1022.4,2.3,=
202603031727,545,355.0,0.8,18.0,2.0,20.7,0.6,10.4,0.0,0.0,0.0,0.0,0.0,46.6,1022.0,1022.7,-0.5,=
202603031727,546,37.7,2.8,40.6,3.9,53.2,2.6,7.6,0.0,0.0,0.0,0.0,0.0,55.6,1006.6,1021.7,-0.7,=
202603031727,547,335.0,2.8,352.0,3.9,344.0,2.7,9.1,0.0,0.0,0.0,0.0,0.0,48.8,1009.4,1022.7,-1.1,=
202603031727,548,4.0,1.9,352.0,3.0,31.6,2.2,9.4,0.0,0.0,0.0,0.0,0.0,46.6,1008.1,1022.6,-1.5,=
202603031727,549,343.0,1.8,27.0,2.9,342.6,2.7,10.2,0.0,0.0,0.0,0.0,1.0,49.4,1012.2,1022.3,0.1,=
202603031727,550,94.7,1.3,95.6,1.9,101.8,1.6,10.1,0.0,0.0,0.0,0.0,0.5,51.9,1016.4,1020.7,0.7,=
202603031727,551,72.0,1.9,94.6,2.8,69.5,1.4,10.9,0.0,0.0,0.0,0.0,0.5,51.9,1019.1,1022.4,1.4,=
202603031727,552,133.5,4.4,143.3,5.3,131.7,3.4,2.3,-99.2,0.0,0.0,0.0,0.0,68.0,995.8,1024.4,-3.0,=
202603031727,553,19.1,0.8,24.2,1.2,309.3,1.5,1.0,1.0,0.0,0.0,13.5,21.5,96.3,1024.5,1025.6,0.5,=
202603031727,554,-99.2,-99.2,-99.2,-99.2,-99.9,-99.9,-2.8,0.0,0.0,0.0,12.0,21.5,99.9,932.2,1026.7,-2.8,=
202603031727,555,262.0,0.9,326.0,1.8,331.5,1.2,5.8,0.0,0.0,0.0,0.0,0.0,56.9,1011.5,1025.1,-2.1,=
202603031727,556,45.2,3.5,180.7,4.5,40.3,3.5,3.8,0.0,0.0,0.0,0.0,0.0,60.2,1000.7,1024.0,-3.2,=
202603031727,557,114.7,2.2,128.7,2.8,109.4,2.0,3.0,0.0,0.0,0.0,0.0,0.5,69.7,988.8,1025.0,-2.0,=
202603031727,558,51.4,2.3,60.2,2.7,65.8,2.3,7.0,0.0,0.0,0.0,0.0,0.5,61.4,1011.1,1022.8,0.1,=
202603031727,559,310.0,3.2,310.6,4.9,305.8,2.5,1.0,0.0,0.0,0.0,0.0,1.5,78.4,953.6,1023.8,-2.3,=
202603031727,560,29.6,2.7,20.7,3.0,37.9,2.9,1.4,0.0,0.0,0.0,0.0,0.5,76.4,957.9,1024.0,-2.3,=
202603031727,561,41.2,3.3,48.5,4.4,41.7,4.1,6.4,0.0,0.0,0.0,0.0,0.0,57.3,995.1,1022.2,-1.4,=
202603031727,563,76.3,2.6,67.5,4.1,98.2,3.9,3.6,0.0,0.0,0.0,0.0,1.0,69.0,980.3,1024.9,-1.6,=
202603031727,565,37.4,1.7,35.5,2.3,42.4,2.1,9.9,0.0,0.0,0.0,0.0,1.0,49.4,1022.1,1022.8,-0.2,=
202603031727,566,314.0,4.4,334.0,6.2,314.0,3.5,2.8,0.0,0.0,0.5,10.5,19.5,90.6,1025.1,1025.9,1.4,=
202603031727,567,19.9,0.8,342.0,1.4,221.0,0.7,7.3,0.0,-99.9,-99.9,-99.9,-99.2,51.7,1015.0,1023.8,-2.0,=
202603031727,568,69.8,0.7,120.1,1.0,57.2,2.1,6.7,0.0,0.0,0.0,0.0,1.0,53.4,1005.3,1022.8,-2.1,=
202603031727,569,96.1,2.9,90.6,4.6,86.7,2.6,9.1,0.0,0.0,0.0,0.0,0.5,47.0,1019.3,1022.6,-1.6,=
202603031727,570,245.3,2.5,242.0,3.4,212.1,1.9,8.5,0.0,-99.9,-99.9,-99.9,-99.2,53.2,1018.0,1022.2,-0.5,=
202603031727,571,277.0,2.1,266.7,2.8,265.5,1.2,10.3,0.0,0.0,0.0,0.0,1.0,46.5,1017.2,1022.8,-0.7,=
202603031727,572,350.1,1.4,354.6,2.7,33.6,1.2,10.0,0.0,0.0,0.0,0.0,0.5,52.7,1020.2,1023.7,0.8,=
202603031727,573,67.5,2.5,11.8,3.9,352.6,2.4,7.6,0.0,0.0,0.0,0.0,1.0,55.0,1008.5,1023.3,-0.9,=
202603031727,574,14.3,3.4,30.9,4.5,18.1,3.0,8.9,0.0,0.0,0.0,0.0,0.0,49.7,1018.2,1022.7,-1.0,=
202603031727,575,25.5,0.7,31.5,1.3,51.6,1.0,9.1,0.0,0.0,0.0,0.0,0.0,55.5,1016.2,1022.5,0.7,=
202603031727,576,19.4,1.0,17.2,1.6,34.5,1.6,9.6,0.0,0.0,0.0,0.0,0.5,45.7,1008.9,1022.5,-1.5,=
202603031727,577,267.8,2.7,157.0,3.6,85.5,2.7,7.9,-99.2,0.0,0.0,0.0,0.0,62.9,1023.2,1024.3,1.3,=
202603031727,578,307.8,7.4,316.4,9.0,310.6,7.2,6.1,0.0,0.0,0.0,0.0,0.0,84.7,1020.5,1021.5,3.7,=
202603031727,579,40.2,0.8,24.2,1.6,338.3,1.5,1.4,0.0,0.0,0.0,0.5,2.5,80.4,950.5,1024.4,-1.6,=
202603031727,580,267.4,2.5,280.1,3.2,271.9,2.5,2.4,1.0,0.0,1.0,12.0,20.5,93.3,1017.9,1025.3,1.4,=
202603031727,581,39.7,3.0,42.2,3.9,57.9,2.0,4.6,0.0,0.0,0.0,0.0,0.0,60.2,972.5,1023.9,-2.5,=
202603031727,582,146.4,2.2,145.1,2.8,144.8,2.1,6.6,0.0,0.0,0.0,0.0,0.0,56.2,982.5,1022.4,-1.5,=
202603031727,583,47.6,3.8,57.6,5.6,72.3,3.1,3.8,0.0,0.0,0.0,0.0,0.0,61.1,958.2,1023.0,-3.0,=
202603031727,585,21.7,1.6,15.6,2.5,21.8,2.3,2.7,0.0,0.0,0.0,0.0,1.0,77.2,995.9,1025.3,-0.9,=
202603031727,586,210.9,0.5,243.9,1.1,209.3,1.1,4.2,0.0,0.0,0.0,0.0,0.0,65.2,995.4,1023.3,-1.8,=
202603031727,587,158.0,0.6,172.6,1.2,69.8,1.2,2.6,0.0,0.0,0.0,0.0,0.0,66.0,990.8,1025.2,-3.1,=
202603031727,588,67.9,2.9,71.7,3.7,42.3,3.8,6.4,0.0,0.0,0.0,0.0,0.0,58.4,1013.6,1023.9,-1.2,=
202603031727,589,114.5,1.6,94.1,2.7,223.3,1.6,8.9,0.0,-99.9,-99.9,-99.9,-99.2,51.6,1015.7,1023.0,-0.5,=
202603031727,590,18.2,1.4,19.7,2.8,27.8,1.6,9.5,0.0,-99.9,-99.9,-99.9,-99.2,48.4,1017.3,1023.0,-0.9,=
202603031727,591,40.4,2.5,75.1,3.0,353.0,2.6,6.3,0.0,0.0,0.0,0.0,0.0,53.9,989.8,1022.5,-2.4,=
202603031727,592,12.5,3.1,182.3,4.0,49.1,3.1,9.1,0.0,0.0,0.0,0.0,0.0,48.3,1016.0,1022.5,-1.2,=
202603031727,593,0.0,0.0,32.3,0.0,39.0,0.3,1.1,0.0,0.0,0.0,10.5,24.5,92.7,1010.3,1026.5,0.1,=
202603031727,594,220.6,3.2,212.1,3.9,233.6,3.2,0.2,0.0,-99.9,-99.9,-99.9,-99.2,84.4,986.2,1025.7,-2.1,=
202603031727,595,36.3,0.6,2.7,1.4,24.6,0.9,-1.4,0.0,0.4,0.8,15.8,31.9,96.5,955.0,1027.5,-1.9,=
202603031727,596,59.1,0.6,56.1,0.9,59.6,0.6,1.2,0.0,0.0,0.0,3.0,6.5,93.0,996.1,1026.3,0.2,=
202603031727,597,145.4,1.5,138.2,2.5,233.9,0.9,2.3,0.0,0.0,0.0,0.0,0.5,69.0,956.2,1024.6,-2.8,=
202603031727,598,66.9,2.8,53.9,3.7,79.7,2.7,7.9,0.0,0.0,0.0,0.0,2.0,52.8,1012.7,1023.5,-1.1,=
202603031727,599,45.8,2.6,45.5,3.5,21.9,2.0,7.7,0.0,0.0,0.0,0.0,1.0,51.2,1010.5,1023.5,-1.7,=
202603031727,600,33.9,3.3,32.2,4.2,41.2,3.2,10.5,0.0,0.0,0.0,0.0,0.0,46.5,1004.5,1020.5,-0.5,=
202603031727,601,49.4,4.0,52.7,5.5,49.6,3.7,7.4,0.0,0.0,0.0,0.0,1.0,54.5,1003.7,1021.7,-1.2,=
202603031727,602,320.9,3.2,331.7,4.4,340.3,2.8,10.5,0.0,0.0,0.0,0.0,0.5,51.2,1012.6,1020.9,0.8,=
202603031727,603,73.6,1.2,77.8,1.7,76.1,1.3,10.0,0.0,0.0,0.0,0.5,1.0,46.8,1007.1,1021.7,-0.9,=
202603031727,604,2.0,0.5,99.0,0.9,313.2,0.6,11.2,0.0,0.0,0.0,0.0,0.5,51.0,1007.2,1021.5,1.4,=
202603031727,605,23.0,2.7,32.0,3.2,39.3,2.5,10.7,0.0,0.0,0.0,0.0,0.0,51.3,1003.9,1021.2,1.1,=
202603031727,606,294.2,5.4,338.4,8.6,302.7,5.1,5.9,0.0,0.0,0.0,0.0,0.0,70.8,1019.4,1022.3,1.0,=
202603031727,607,153.5,2.7,149.0,4.3,189.0,3.0,6.5,0.0,0.0,0.0,0.0,0.0,70.0,1021.7,1022.5,1.4,=
202603031727,609,269.7,2.8,299.5,5.4,276.8,2.3,6.4,0.0,0.0,0.0,0.0,0.0,80.0,1016.6,1021.5,3.2,=
202603031727,610,316.0,7.2,323.0,8.2,315.4,7.2,8.1,0.0,0.0,0.0,0.0,0.0,72.0,1019.8,1021.9,3.4,=
202603031727,611,320.5,2.9,15.9,4.1,317.4,3.2,11.0,0.0,0.0,0.0,0.0,1.5,53.3,1013.7,1019.9,1.9,=
202603031727,612,36.0,0.9,56.3,1.6,42.9,1.6,11.4,0.0,0.0,0.0,0.0,1.0,48.9,1018.1,1021.0,1.0,=
202603031727,614,240.6,2.8,242.2,3.1,275.6,2.8,9.4,0.0,0.0,0.0,0.0,0.0,73.1,1020.1,1021.3,4.8,=
202603031727,615,24.6,1.7,11.7,2.3,23.9,2.2,12.5,0.0,0.0,0.0,0.0,0.5,51.3,1019.6,1020.6,2.7,=
202603031727,616,315.0,3.0,320.0,3.9,319.1,2.9,8.6,0.0,0.0,0.0,0.0,0.0,61.3,1016.5,1022.9,1.6,=
202603031727,617,329.2,2.7,343.3,3.9,338.5,3.3,10.5,0.0,0.0,0.0,-99.9,0.5,54.6,-99.7,-99.9,1.7,=
202603031727,618,29.1,2.2,36.7,2.7,15.2,2.5,11.0,0.0,0.0,0.0,0.0,0.0,49.1,-99.7,-99.9,0.7,=
202603031727,619,52.0,1.7,67.0,2.0,63.3,2.1,10.1,0.0,0.0,0.0,0.0,0.0,48.6,1005.5,1021.7,-0.2,=
202603031727,620,89.4,3.6,82.1,4.6,92.8,3.9,9.0,0.0,0.0,0.0,0.0,0.5,50.2,1014.3,1022.3,-0.8,=
202603031727,621,86.3,1.3,127.4,1.9,118.6,1.9,8.3,0.0,0.0,0.0,0.0,0.5,48.2,1004.4,1022.5,-2.0,=
202603031727,622,53.0,2.9,75.8,3.8,53.4,2.6,9.0,0.0,0.0,0.0,0.0,0.5,47.1,994.2,1021.9,-1.7,=
202603031727,623,50.9,1.7,47.7,2.9,47.7,1.7,11.2,0.0,0.0,0.0,0.0,0.5,42.1,1012.4,1021.5,-1.2,=
202603031727,624,311.7,2.3,313.6,3.1,316.6,2.6,9.4,0.0,0.0,0.0,0.0,1.0,48.8,994.1,1021.2,-0.8,=
202603031727,625,231.4,0.9,235.4,1.1,253.1,1.4,9.1,0.0,0.0,0.0,0.0,0.0,60.6,982.0,1021.1,1.9,=
202603031727,626,118.5,1.4,117.9,1.9,107.0,1.8,10.6,0.0,0.0,0.0,0.0,1.0,52.2,1006.6,1021.2,1.2,=
202603031727,627,18.2,4.9,19.7,5.6,18.1,4.7,7.9,0.0,0.0,0.0,0.0,0.0,63.6,1020.5,1022.3,1.4,=
202603031727,628,330.2,4.8,323.7,6.9,331.7,3.9,10.8,0.0,0.0,0.0,0.0,0.5,48.1,1018.0,1021.6,0.3,=
202603031727,629,340.9,0.5,1.2,0.8,29.2,1.2,11.2,0.0,0.0,0.0,0.0,0.5,44.0,1011.5,1021.8,-0.6,=
202603031727,630,36.4,2.4,15.5,2.9,57.6,1.8,9.3,0.0,0.0,0.0,0.0,0.0,49.6,1008.8,1022.1,-0.7,=
202603031727,631,332.2,1.3,313.9,3.3,327.4,1.0,9.2,0.0,0.0,0.0,0.0,0.5,59.5,1021.2,1022.4,1.7,=
202603031727,632,63.5,4.1,60.1,5.1,43.5,3.3,11.4,0.0,0.0,0.0,0.0,0.0,55.3,1014.9,1021.9,2.8,=
202603031727,633,309.6,2.1,278.7,2.9,327.3,2.0,10.4,0.0,0.0,0.0,0.0,0.5,51.2,1012.9,1022.1,0.8,=
202603031727,634,327.1,3.7,346.3,5.4,305.1,3.8,9.9,0.0,0.0,0.0,0.0,0.5,52.1,1019.1,1022.7,0.5,=
202603031727,635,0.2,1.4,318.0,2.2,5.3,1.6,12.5,0.0,0.0,0.0,0.0,0.0,54.1,1020.5,1021.8,3.5,=
202603031727,636,34.0,1.7,94.6,2.6,23.7,1.5,10.6,0.0,0.0,0.0,0.0,0.5,52.7,1005.0,1021.0,1.3,=
202603031727,637,325.9,3.2,332.1,4.6,319.6,2.9,9.7,0.0,0.0,0.0,0.0,0.5,60.6,1021.7,1022.8,2.5,=
202603031727,638,12.8,1.6,336.4,2.7,20.9,1.8,6.5,0.0,0.0,0.0,0.0,0.0,54.4,991.7,1021.4,-2.0,=
202603031727,639,49.0,1.2,46.6,1.8,100.5,2.0,7.2,0.0,0.0,0.0,0.0,0.5,49.3,987.7,1022.1,-2.7,=
202603031727,640,319.7,4.4,309.9,5.7,300.6,3.9,9.5,0.0,0.0,0.0,0.0,1.0,48.5,994.2,1021.6,-0.8,=
202603031727,641,297.2,3.2,306.8,4.1,309.8,3.9,11.4,0.0,0.0,0.0,0.0,1.0,51.3,1011.9,1021.5,1.7,=
202603031727,642,297.5,1.9,298.5,2.3,319.4,1.4,10.6,0.0,0.0,0.0,0.0,0.0,50.1,1003.6,1021.6,0.6,=
202603031727,643,281.5,0.7,279.0,1.2,338.5,0.5,11.4,0.0,-99.9,-99.9,-99.9,-99.2,48.3,1010.4,1021.5,0.9,=
202603031727,644,38.3,3.1,33.3,3.5,50.1,2.0,11.9,0.0,0.0,0.0,0.0,0.5,50.3,1017.7,1020.7,1.9,=
202603031727,645,260.5,2.5,231.3,4.7,308.4,3.3,10.7,0.0,0.0,0.0,0.0,0.0,53.9,1019.8,1021.9,1.7,=
202603031727,646,311.9,6.3,311.9,7.1,312.5,6.2,6.7,0.0,0.0,0.0,0.0,0.0,83.0,1020.4,1021.4,4.0,=
202603031727,647,49.4,1.4,39.4,1.7,47.8,1.5,10.7,0.0,0.0,0.0,0.0,0.5,55.5,-99.7,-99.9,2.2,=
202603031727,648,56.8,2.1,63.9,2.6,45.5,1.6,11.0,0.0,0.0,0.0,0.0,0.5,55.8,1008.4,1020.5,2.5,=
202603031727,649,31.9,2.1,55.4,3.1,48.1,2.5,9.8,0.0,0.0,0.0,0.0,2.0,53.2,1019.4,1022.6,0.7,=
202603031727,650,98.0,5.2,79.8,7.8,98.3,5.2,3.5,0.0,0.0,0.0,0.0,1.5,65.6,999.2,1022.4,-2.3,=
202603031727,651,270.0,1.1,317.0,1.5,275.2,1.3,3.8,0.0,0.0,0.0,0.0,0.0,67.6,998.1,1024.9,-1.6,=
202603031727,652,54.9,2.4,35.5,3.1,49.7,2.3,7.3,0.0,0.0,0.0,0.0,0.5,58.8,1017.8,1022.5,-0.2,=
202603031727,654,319.4,0.8,285.5,3.1,324.3,1.6,6.8,0.0,0.0,0.0,0.0,0.0,65.0,1022.4,1023.7,0.7,=
202603031727,655,242.8,3.5,71.2,5.0,241.1,3.0,3.7,0.0,0.0,0.0,0.0,0.0,76.4,1015.3,1025.7,-0.1,=
202603031727,656,299.1,1.2,324.2,2.1,292.1,0.8,8.0,0.0,0.0,0.0,0.0,0.5,59.0,1017.7,1023.8,0.5,=
202603031727,657,320.9,7.4,318.2,8.1,318.6,7.7,8.0,0.0,0.0,0.0,0.0,0.0,70.9,1018.0,1021.9,3.0,=
202603031727,658,84.6,2.8,92.0,3.1,86.9,2.2,5.5,0.0,0.0,0.0,0.0,0.0,77.5,1021.9,1023.1,1.9,=
202603031727,659,22.7,2.1,54.2,3.0,43.7,1.4,3.6,0.0,0.0,0.0,0.0,0.0,77.0,923.5,1022.2,-0.1,=
202603031727,660,125.0,2.9,137.3,4.8,111.2,2.9,2.4,0.0,0.0,0.0,0.0,0.5,63.4,959.4,1024.5,-3.8,=
202603031727,661,278.1,4.0,272.7,4.7,278.3,3.6,0.5,0.0,0.5,0.5,15.5,23.5,96.1,1026.1,1026.7,-0.0,=
202603031727,662,307.3,2.8,281.5,4.1,0.6,3.0,5.3,0.0,0.0,0.0,0.0,0.0,81.5,1020.6,1021.9,2.4,=
202603031727,663,-99.9,-99.9,-99.9,-99.9,-99.9,-99.9,-99.9,-99.9,-99.9,-99.9,-99.9,-99.9,-99.9,-99.9,-99.9,-99.9,=
202603031727,664,339.0,4.7,344.1,6.3,339.6,4.2,7.4,0.0,0.0,0.0,0.0,0.0,63.9,1021.6,1023.8,1.0,=
202603031727,665,306.3,2.2,302.0,2.8,298.2,2.5,6.9,0.0,0.0,0.0,0.0,0.0,72.2,1018.8,1022.3,2.2,=
202603031727,666,17.0,9.0,15.8,10.2,17.5,8.7,5.1,0.0,0.0,0.0,0.0,0.5,80.7,1018.7,1022.8,2.1,=
202603031727,667,54.7,8.7,32.3,9.8,135.5,8.5,4.8,-99.2,0.0,0.0,0.0,0.0,80.7,1016.2,1023.4,1.8,=
202603031727,669,307.5,4.5,310.0,5.8,293.7,4.3,5.6,0.0,0.0,0.0,0.0,0.5,79.4,1019.8,1022.0,2.3,=
202603031727,670,34.4,3.6,22.2,6.0,55.4,3.0,1.8,1.0,0.0,0.0,2.5,12.0,95.1,1024.9,1025.8,1.1,=
202603031727,671,255.5,2.1,255.2,2.5,251.3,2.0,1.3,1.0,-99.9,-99.9,-99.9,-99.2,96.7,1026.2,1026.7,0.8,=
202603031727,672,316.5,2.5,315.9,3.5,298.3,2.6,8.0,0.0,0.0,0.0,0.0,0.5,75.7,1020.9,1022.2,4.0,=
202603031727,673,61.7,1.9,59.8,2.5,52.0,1.7,10.2,0.0,0.0,0.0,0.0,1.0,53.1,1018.7,1021.2,1.1,=
202603031727,674,329.3,3.8,353.2,5.2,351.5,3.4,-0.3,0.0,0.0,0.0,0.0,0.5,84.8,925.4,1024.6,-2.5,=
202603031727,675,29.4,0.0,26.9,0.6,36.6,1.8,6.8,0.0,0.0,0.0,0.0,1.0,60.7,1015.9,1022.4,-0.3,=
202603031727,676,303.9,2.1,306.6,3.3,282.8,2.1,9.9,0.0,0.0,0.0,0.0,0.0,45.2,1005.2,1022.7,-1.4,=
202603031727,677,7.7,0.7,339.9,1.2,346.3,1.0,2.6,0.0,0.0,0.5,18.5,36.5,93.7,1010.7,1025.8,1.7,=
202603031727,678,20.5,1.2,21.8,1.6,33.9,1.3,0.3,0.0,0.0,0.0,7.5,15.0,96.1,969.2,1025.6,-0.2,=
202603031727,679,339.2,2.1,333.4,3.2,352.9,2.7,-1.3,0.0,0.0,0.5,4.0,5.0,97.7,941.7,1025.8,-1.6,=
202603031727,680,240.0,0.6,283.7,0.8,232.1,0.5,3.8,0.0,0.0,0.0,0.0,2.5,60.3,996.7,1025.3,-3.2,=
202603031727,681,35.3,1.9,29.0,2.4,48.0,2.7,4.7,0.0,-99.9,-99.9,-99.9,-99.2,57.9,1000.5,1025.3,-2.9,=
202603031727,682,133.3,2.8,127.1,3.9,127.4,3.4,-4.2,0.0,-99.9,-99.9,-99.9,-99.2,93.9,898.0,1026.0,-5.0,=
202603031727,687,33.5,1.4,14.9,2.4,44.7,1.3,13.9,0.0,0.0,0.0,0.0,0.0,54.8,1012.6,1020.1,5.0,=
202603031727,688,337.0,2.8,354.0,4.4,334.9,3.4,13.1,0.0,0.0,0.0,0.0,0.0,61.3,1016.8,1020.6,5.8,=
202603031727,689,270.9,2.9,260.2,4.0,270.5,1.5,13.1,0.0,0.0,0.0,0.0,0.0,58.8,1011.5,1020.3,5.2,=
202603031727,690,32.9,1.1,17.1,1.6,47.3,1.4,13.1,0.0,0.0,0.0,0.0,0.0,53.9,1007.7,1019.5,4.0,=
202603031727,691,61.0,1.5,71.0,1.7,47.9,1.7,11.8,0.0,0.0,0.0,0.0,0.5,50.7,1018.9,1021.8,1.9,=
202603031727,692,60.2,3.2,59.9,4.8,39.1,3.7,6.9,0.0,0.0,0.0,0.0,0.5,58.7,1019.1,1023.2,-0.6,=
202603031727,694,31.2,3.6,30.9,4.4,31.6,3.5,4.1,-99.2,-99.9,-99.9,-99.9,-99.2,67.0,941.2,1022.3,-1.5,=
202603031727,695,136.3,2.5,137.5,3.7,149.5,3.4,-2.7,0.0,0.0,0.0,0.0,2.5,89.9,899.3,1025.2,-4.1,=
202603031727,696,82.8,2.5,82.8,2.8,76.1,2.0,2.7,1.0,0.0,0.5,16.0,35.0,89.1,1015.0,1025.4,1.1,=
202603031727,697,346.0,2.9,11.0,5.6,333.5,2.7,7.1,0.0,0.0,0.0,0.0,0.0,81.2,1022.1,1022.8,4.1,=
202603031727,698,326.0,1.1,145.0,3.2,292.2,1.6,7.9,0.0,0.0,0.0,0.0,0.5,78.3,1019.2,1022.3,4.4,=
202603031727,699,252.0,2.8,250.0,4.1,249.5,3.3,8.0,0.0,0.0,0.0,0.0,0.0,80.7,1017.5,1022.2,4.9,=
202603031727,700,24.5,5.5,25.8,7.3,22.4,6.5,5.5,0.0,0.0,0.0,0.0,0.5,89.5,1015.6,1022.9,3.9,=
202603031727,701,317.4,2.4,322.8,2.9,308.4,2.9,10.2,0.0,0.0,0.0,0.0,0.0,56.9,994.2,1019.8,2.0,=
202603031727,702,13.1,4.2,36.2,5.1,29.0,4.2,12.1,0.0,0.0,0.0,0.0,0.4,59.7,1019.2,1020.5,4.5,=
202603031727,703,30.8,2.6,33.8,2.8,41.5,2.2,10.2,0.0,0.0,0.0,0.0,0.0,58.5,978.4,1020.8,2.4,=
202603031727,704,149.9,2.8,308.1,4.2,284.4,3.0,7.4,0.0,0.0,0.0,0.0,0.5,80.0,1020.9,1021.1,4.2,=
202603031727,706,311.6,4.3,334.6,5.8,315.0,4.2,13.1,0.0,0.0,0.0,0.0,0.5,63.2,1014.0,1019.4,6.3,=
202603031727,707,314.0,3.2,336.0,5.5,306.8,3.3,8.2,0.0,-99.9,-99.9,-99.9,-99.2,72.1,1018.5,1022.7,3.5,=
202603031727,708,283.7,2.2,287.0,4.6,300.5,4.0,11.4,0.0,0.0,0.0,0.0,0.0,69.8,1015.9,1019.5,6.1,=
202603031727,709,277.4,2.9,281.5,3.4,272.1,3.4,13.8,0.0,0.0,0.0,0.0,0.0,59.3,1017.3,1020.6,6.0,=
202603031727,710,299.7,1.7,301.2,2.0,310.4,2.5,12.5,0.0,0.0,0.0,0.0,0.5,66.7,1020.7,1021.7,6.5,=
202603031727,711,149.1,0.7,160.7,1.1,163.7,1.2,11.1,0.0,0.0,0.0,0.0,0.5,61.7,-99.7,-99.9,4.0,=
202603031727,712,128.4,2.8,129.9,3.2,139.4,3.0,11.4,0.0,0.0,0.0,0.0,0.0,61.9,1020.7,1021.0,4.4,=
202603031727,713,131.9,1.3,147.2,2.2,142.0,1.8,12.7,0.0,0.0,0.0,0.0,0.0,57.9,1018.5,1020.3,4.6,=
202603031727,714,329.6,3.6,330.3,4.5,331.6,3.3,7.0,0.0,0.0,0.0,0.0,0.5,-99.7,1022.5,1022.7,-99.9,=
202603031727,716,306.4,7.8,307.7,9.1,306.2,8.3,7.4,0.0,0.0,0.0,0.0,0.0,79.6,1022.1,1022.4,4.1,=
202603031727,717,281.0,3.8,269.9,5.2,286.5,4.3,8.0,0.0,0.0,0.0,0.0,0.0,77.4,1020.0,1021.4,4.3,=
202603031727,718,269.0,7.1,304.0,9.4,287.5,6.8,7.1,0.0,0.0,0.0,0.0,0.0,81.6,1021.6,1022.4,4.2,=
202603031727,719,314.8,5.1,328.4,7.7,316.9,5.2,7.3,0.0,0.0,0.0,0.0,0.5,76.5,1019.7,1021.1,3.4,=
202603031727,720,197.8,1.5,199.5,2.1,216.7,1.5,9.1,0.0,0.0,0.0,0.0,0.0,99.6,1019.8,1021.6,9.0,=
202603031727,721,165.9,1.1,176.0,2.0,185.3,1.4,10.4,0.0,0.0,0.0,0.0,0.0,66.4,1020.8,1021.3,4.4,=
202603031727,722,306.3,3.7,289.7,4.9,295.4,2.8,12.7,0.0,0.0,0.0,0.0,0.0,45.2,1007.4,1020.8,1.1,=
202603031727,723,53.8,2.7,44.2,4.2,55.0,2.4,11.7,0.0,0.0,0.0,0.0,0.0,62.3,1019.4,1020.2,4.7,=
202603031727,724,242.1,1.7,184.3,2.8,183.8,1.5,8.8,0.0,0.0,0.0,0.0,0.0,86.6,1019.6,1020.6,6.7,=
202603031727,725,6.1,4.2,3.4,4.9,357.2,4.1,10.8,0.0,0.0,0.0,0.0,0.0,77.9,1019.4,1020.5,7.1,=
202603031727,726,337.9,11.4,338.1,12.6,335.9,11.3,9.9,-99.2,0.0,0.0,0.0,0.0,89.4,1018.6,1020.0,8.2,=
202603031727,727,310.3,2.1,5.8,2.7,3.5,1.8,6.1,1.0,0.0,0.0,0.5,3.0,99.9,970.7,1022.1,6.1,=
202603031727,730,306.0,2.5,333.0,3.7,315.3,2.5,12.8,0.0,0.0,0.0,0.0,0.0,59.4,1015.8,1021.1,5.1,=
202603031727,731,282.0,2.1,274.0,3.5,287.0,2.1,10.6,0.0,0.0,0.0,0.0,0.0,71.5,1021.1,1021.7,5.7,=
202603031727,732,160.7,2.6,151.5,2.8,158.1,2.2,10.9,0.0,0.0,0.0,0.0,0.5,60.3,1002.9,1020.5,3.5,=
202603031727,733,58.9,1.4,62.0,1.9,59.6,0.9,11.6,0.0,0.0,0.0,0.0,0.5,51.4,-99.7,-99.9,1.9,=
202603031727,734,348.1,1.7,2.7,2.8,40.4,3.4,12.4,0.0,0.0,0.0,0.0,1.0,50.9,1013.7,1021.5,2.5,=
202603031727,735,328.7,0.0,334.1,0.4,329.9,0.4,6.2,0.0,0.0,0.0,0.0,1.5,62.6,943.0,1021.5,-0.4,=
202603031727,736,286.5,3.9,238.6,5.6,294.3,4.7,10.8,0.0,0.0,0.0,0.0,0.0,60.8,1021.1,1021.4,3.5,=
202603031727,737,311.3,3.4,287.1,5.3,300.5,3.5,11.7,0.0,0.0,0.0,0.0,0.0,61.9,1014.8,1021.4,4.6,=
202603031727,738,300.6,3.5,285.7,4.7,313.1,3.0,10.5,0.0,0.0,0.0,0.0,0.0,45.9,1019.4,1021.4,-0.7,=
202603031727,739,227.9,2.0,236.5,3.2,227.5,2.4,9.3,0.0,0.0,0.0,0.0,0.5,70.8,1020.8,1022.3,4.3,=
202603031727,741,184.6,4.3,177.3,6.1,185.4,4.5,12.6,0.0,0.0,0.0,0.0,0.5,66.2,1009.7,1021.1,6.5,=
202603031727,742,300.1,2.4,299.6,3.3,292.1,3.6,8.9,0.0,0.0,0.0,0.0,0.5,74.8,1019.5,1021.0,4.7,=
202603031727,743,322.5,4.8,327.3,6.5,322.4,5.2,6.9,0.0,0.0,0.0,0.0,0.0,88.3,1021.7,1022.7,5.1,=
202603031727,744,247.0,6.4,257.0,8.1,248.5,5.8,8.5,0.0,0.0,0.0,0.0,0.5,80.4,1021.5,1022.2,5.3,=
202603031727,745,314.2,5.3,319.5,6.0,316.7,5.0,10.5,0.0,0.0,0.0,0.0,0.0,65.7,1015.2,1021.2,4.4,=
202603031727,746,310.4,3.3,339.7,4.9,315.2,2.9,9.3,0.0,0.0,0.0,0.0,0.5,87.9,1021.1,1022.2,7.4,=
202603031727,747,182.0,0.7,184.3,1.1,190.2,1.0,10.3,0.0,0.0,0.0,0.0,0.0,81.4,1017.5,1020.5,7.3,=
202603031727,748,126.1,0.8,118.1,1.0,166.4,1.1,12.4,0.0,0.0,0.0,0.0,0.0,57.1,1021.5,1021.7,4.1,=
202603031727,749,239.3,1.1,251.6,1.7,206.1,0.6,10.8,0.0,0.0,0.0,0.0,0.0,64.7,1016.6,1019.6,4.4,=
202603031727,750,73.9,2.3,66.9,2.8,71.8,1.9,11.0,0.0,0.0,0.0,0.0,0.0,56.7,1018.4,1021.2,2.7,=
202603031727,751,347.6,1.3,348.0,1.7,349.7,1.3,8.6,0.0,0.0,0.0,0.5,2.5,78.0,-99.7,-99.9,5.0,=
202603031727,752,333.2,2.0,336.0,2.9,333.2,1.7,7.5,0.0,0.0,0.0,0.0,0.0,91.1,-99.7,-99.9,6.1,=
202603031727,753,60.4,1.3,84.1,2.1,73.7,1.2,3.7,0.0,0.0,0.0,2.0,6.0,94.9,-99.7,-99.9,3.0,=
202603031727,754,319.6,3.9,306.5,5.0,325.7,4.1,10.9,0.0,0.0,0.0,0.0,0.0,66.0,1020.2,1021.5,4.8,=
202603031727,755,345.0,0.5,15.0,0.8,327.6,0.5,12.8,0.0,0.0,0.0,0.0,0.0,55.3,998.1,1020.5,4.1,=
202603031727,756,71.2,1.1,83.6,2.0,58.6,1.6,6.4,0.0,0.0,0.0,0.0,0.5,86.5,1021.2,1021.7,4.3,=
202603031727,757,328.9,3.4,346.7,4.4,359.6,2.6,9.7,0.0,0.0,0.0,0.0,2.0,57.1,988.9,1021.4,1.6,=
202603031727,758,204.3,3.1,181.2,4.1,33.8,2.7,11.1,0.0,0.0,0.0,0.0,1.5,52.5,981.4,1019.6,1.7,=
202603031727,759,65.1,2.5,65.8,2.8,61.7,2.0,7.6,0.0,0.0,0.0,0.0,0.0,68.8,962.5,1019.7,2.2,=
202603031727,760,12.4,3.7,63.6,4.6,337.9,3.7,10.0,0.0,0.0,0.0,0.0,0.5,65.6,986.4,1020.3,3.9,=
202603031727,761,308.8,5.1,317.2,6.5,306.7,5.6,11.1,0.0,0.0,0.0,0.0,0.0,62.7,1019.6,1021.4,4.3,=
202603031727,762,263.3,2.9,243.3,3.4,280.6,2.6,12.0,0.0,0.0,0.0,0.0,0.0,61.3,1001.8,1019.4,4.8,=
202603031727,763,329.8,1.8,346.2,3.4,321.5,1.9,12.2,0.0,0.0,0.0,0.0,0.5,50.5,1017.0,1021.6,2.2,=
202603031727,764,330.8,5.2,336.1,6.4,328.8,4.7,10.6,0.0,0.0,0.0,0.0,0.5,60.0,995.3,1020.8,3.2,=
202603031727,765,176.7,1.2,143.5,1.5,178.7,1.2,11.4,0.0,0.0,0.0,0.0,0.0,63.8,1008.5,1021.8,4.8,=
202603031727,766,76.0,3.6,45.3,4.8,65.7,4.7,10.3,0.0,0.0,0.0,0.0,0.0,53.4,1011.4,1021.0,1.2,=
202603031727,767,159.7,3.4,149.1,3.8,156.7,4.0,10.7,0.0,0.0,0.0,0.0,0.0,69.7,1021.2,1021.7,5.4,=
202603031727,768,303.1,0.7,316.1,1.0,302.6,1.0,12.8,0.0,0.0,0.0,0.0,0.0,62.5,1008.8,1020.9,5.8,=
202603031727,769,0.5,4.2,2.8,5.3,5.6,4.4,8.2,0.0,0.0,0.0,0.0,0.0,73.5,1021.8,1022.5,3.7,=
202603031727,770,274.0,2.2,276.9,2.8,262.2,2.7,10.9,0.0,0.0,0.0,0.0,0.5,74.9,1008.6,1020.6,6.6,=
202603031727,771,322.5,5.8,341.0,6.4,333.0,5.0,8.6,0.0,0.0,0.0,0.0,0.5,77.8,1022.2,1022.6,4.9,=
202603031727,772,316.5,5.2,318.0,6.0,311.4,5.3,7.7,0.0,0.0,0.0,0.0,0.5,83.3,1022.5,1022.7,5.0,=
202603031727,773,282.6,2.6,283.9,3.5,283.0,3.2,10.0,0.0,0.0,0.0,0.0,0.0,75.3,1013.2,1022.0,5.8,=
202603031727,774,261.6,2.5,259.7,4.0,305.7,3.4,8.8,0.0,0.0,0.0,0.0,0.0,67.4,1020.4,1021.8,3.1,=
202603031727,775,302.3,3.7,310.3,5.0,320.5,5.0,10.1,0.0,0.0,0.0,0.0,0.0,74.1,1016.6,1021.4,5.7,=
202603031727,776,265.6,4.1,258.0,5.1,266.3,4.2,8.8,0.0,0.0,0.0,0.0,0.5,80.7,1019.1,1021.2,5.7,=
202603031727,777,223.6,1.3,217.7,1.9,201.7,1.4,11.1,0.0,0.0,0.0,0.0,0.0,68.3,1016.9,1021.4,5.5,=
202603031727,778,173.2,2.5,193.9,4.5,185.2,3.1,10.6,0.0,-99.9,-99.9,-99.9,-99.2,73.2,1009.5,1021.2,6.0,=
202603031727,779,319.9,4.0,328.2,5.8,316.2,3.8,8.6,0.0,0.0,0.0,0.0,0.5,89.1,1016.1,1020.9,6.9,=
202603031727,780,39.9,4.0,11.2,5.6,40.1,3.7,12.0,0.0,0.0,0.0,0.0,0.0,65.0,1017.0,1020.1,5.6,=
202603031727,781,355.7,2.6,359.7,3.4,357.3,3.2,11.1,0.0,0.0,0.0,0.0,0.5,75.1,-99.7,-99.9,6.9,=
202603031727,782,357.2,2.8,2.3,3.9,351.3,2.6,4.1,0.0,0.0,0.0,3.0,5.0,91.5,-99.7,-99.9,2.8,=
202603031727,783,331.4,3.2,324.3,5.0,317.8,2.6,12.9,0.0,0.0,0.0,0.0,0.0,58.6,1016.1,1019.8,5.0,=
202603031727,784,294.2,4.2,287.2,5.3,309.8,3.4,10.4,0.0,0.0,0.0,0.0,0.0,78.6,1019.2,1021.9,6.8,=
202603031727,785,298.4,3.3,303.1,3.9,299.5,3.1,10.1,0.0,0.0,0.0,0.0,0.5,76.2,1019.6,1021.2,6.1,=
202603031727,786,73.5,2.7,81.8,3.5,77.2,3.3,10.8,0.0,0.0,0.0,0.0,0.5,55.3,1018.7,1020.8,2.2,=
202603031727,787,152.7,2.8,151.8,3.1,152.6,3.0,10.8,0.0,0.0,0.0,0.0,0.0,60.9,1019.8,1021.3,3.6,=
202603031727,788,318.2,3.7,310.9,4.8,329.8,3.2,13.1,0.0,0.0,0.0,0.0,0.0,55.6,1010.4,1018.2,4.4,=
202603031727,789,17.8,4.4,7.2,6.3,53.5,4.5,8.5,0.0,0.0,0.0,0.0,0.5,77.1,1021.3,1022.4,4.7,=
202603031727,790,64.2,2.1,79.2,3.0,74.1,2.6,9.1,0.0,0.0,0.0,0.0,0.0,72.1,1003.2,1019.7,4.3,=
202603031727,791,217.0,1.5,215.8,1.9,189.2,2.1,10.3,0.0,0.0,0.0,0.0,0.0,58.8,970.1,1018.8,2.6,=
202603031727,792,30.8,3.6,28.1,4.5,42.9,3.0,10.2,0.0,0.0,0.0,0.0,1.0,72.4,1009.6,1020.4,5.5,=
202603031727,793,299.7,6.6,317.5,8.7,309.5,6.3,8.9,0.0,0.0,0.0,0.0,0.0,84.4,1019.9,1020.2,6.4,=
202603031727,794,175.9,2.4,174.3,3.0,173.7,2.1,12.8,0.0,0.0,0.0,0.0,0.0,57.9,1010.7,1019.9,4.7,=
202603031727,795,273.7,1.2,268.4,1.7,250.6,1.1,13.6,0.0,0.0,0.0,0.0,0.0,50.4,1009.3,1019.7,3.5,=
202603031727,796,101.5,1.6,85.7,2.1,87.9,1.3,10.3,0.0,0.0,0.0,0.0,0.0,67.7,1016.7,1021.3,4.6,=
202603031727,797,25.9,9.4,4.6,10.7,18.0,8.0,6.1,0.0,0.0,0.0,0.0,0.0,88.0,1018.5,1022.9,4.3,=
202603031727,798,302.9,15.9,307.2,17.2,304.7,14.4,6.2,0.0,0.0,0.0,0.0,0.0,90.3,1017.8,1020.7,4.7,=
202603031727,799,176.2,1.8,171.1,2.3,145.6,1.2,7.2,0.0,0.0,0.0,0.0,0.5,80.9,1019.0,1021.4,4.1,=
202603031727,800,47.7,3.1,120.1,3.8,5.6,2.9,5.7,1.0,0.0,0.5,3.0,8.0,83.4,1022.4,1023.2,3.1,=
202603031727,801,19.7,4.3,10.5,6.0,23.6,3.5,6.0,0.0,0.0,0.0,0.0,0.0,62.9,996.2,1022.9,-0.5,=
202603031727,802,108.5,1.1,59.5,2.4,77.4,2.6,4.6,0.0,0.0,0.0,12.0,20.5,76.6,1006.0,1023.7,0.8,=
202603031727,803,65.8,2.8,47.7,3.4,47.1,2.8,8.1,0.0,0.0,0.0,0.0,0.5,51.7,999.5,1022.1,-1.2,=
202603031727,804,31.8,5.4,20.1,6.3,36.6,5.5,7.0,0.0,0.0,0.0,1.5,4.0,72.6,1017.2,1021.8,2.4,=
202603031727,805,88.6,0.9,80.7,1.7,56.9,1.7,6.9,0.0,0.0,0.0,0.5,1.5,58.7,993.9,1021.6,-0.6,=
202603031727,806,36.1,0.4,264.5,0.5,301.3,0.9,11.2,0.0,0.0,0.0,0.0,0.5,47.3,1016.8,1021.8,0.4,=
202603031727,807,29.4,2.9,32.5,3.5,34.5,2.9,9.9,0.0,0.0,0.0,0.5,1.5,50.3,1007.3,1021.2,0.0,=
202603031727,808,61.5,6.1,137.1,8.3,53.5,8.0,7.8,0.0,0.0,0.0,0.5,3.5,75.6,1020.3,1021.7,3.8,=
202603031727,809,65.4,0.0,91.5,0.1,49.9,0.6,9.1,0.0,-99.9,-99.9,-99.9,-99.2,71.1,995.7,1020.6,4.1,=
202603031727,810,36.9,2.5,25.5,2.9,13.9,2.0,10.9,0.0,0.0,0.0,0.5,0.5,52.6,1017.0,1021.8,1.6,=
202603031727,811,29.0,4.8,36.4,8.1,42.4,5.8,7.7,0.0,0.0,0.0,0.5,3.0,70.6,1017.7,1021.7,2.7,=
202603031727,812,103.1,0.5,37.7,1.0,255.8,0.6,10.8,0.0,0.0,0.0,0.0,0.0,57.5,1015.7,1020.7,2.7,=
202603031727,813,101.4,4.0,106.7,5.2,111.3,3.5,9.3,0.0,0.0,0.0,0.0,0.5,60.5,1011.3,1020.8,2.0,=
202603031727,814,13.0,1.9,40.0,3.0,340.2,3.3,6.8,0.0,0.0,0.0,0.0,0.0,52.7,985.8,1022.7,-2.2,=
202603031727,815,93.0,1.4,127.0,2.1,57.6,1.5,9.9,0.0,0.0,0.0,0.0,0.5,46.7,1009.4,1021.9,-1.0,=
202603031727,816,356.0,7.9,359.0,11.0,358.2,7.7,6.9,0.0,0.0,0.0,0.5,2.0,76.8,1015.1,1020.3,3.1,=
202603031727,817,50.0,5.8,64.0,7.1,47.6,5.4,3.4,0.0,0.0,0.0,2.0,5.0,78.7,976.6,1023.4,0.1,=
202603031727,818,79.0,2.0,96.6,3.4,78.0,2.0,9.3,0.0,0.0,0.0,0.0,1.0,50.6,994.0,1020.3,-0.4,=
202603031727,819,20.4,2.5,333.8,3.6,10.0,3.4,7.5,0.0,0.0,0.0,0.0,0.5,53.2,997.5,1022.3,-1.4,=
202603031727,820,109.3,3.1,109.6,3.9,107.9,2.4,9.5,-99.2,0.0,0.0,0.0,1.0,51.5,1013.4,1022.7,-0.0,=
202603031727,821,338.5,1.3,7.1,1.8,330.8,1.8,10.5,0.0,-99.9,-99.9,-99.9,-99.2,58.7,1009.1,1020.2,2.8,=
202603031727,822,38.0,1.0,47.7,1.2,48.7,1.0,11.4,0.0,0.0,0.0,0.0,1.0,48.5,1011.3,1020.9,0.9,=
202603031727,823,56.7,2.0,61.6,2.6,54.5,2.4,10.5,0.0,-99.9,-99.9,-99.9,-99.2,51.4,1009.8,1019.7,0.9,=
202603031727,824,33.8,0.6,29.7,1.0,71.4,1.1,10.0,0.0,0.0,0.0,0.0,0.5,55.7,1006.5,1020.5,1.6,=
202603031727,825,16.1,2.1,16.8,2.7,14.2,1.8,11.5,0.0,0.0,0.0,0.0,0.0,49.6,1018.1,1021.7,1.3,=
202603031727,826,49.0,1.8,47.7,2.4,77.3,1.8,9.7,0.0,0.0,0.0,0.0,0.5,54.7,1005.9,1021.9,1.0,=
202603031727,827,74.5,3.5,87.1,5.1,82.0,2.9,9.6,0.0,0.0,0.0,0.0,0.5,55.0,1013.4,1020.9,1.0,=
202603031727,828,7.8,1.8,349.0,2.3,4.6,1.6,11.4,0.0,0.0,0.0,0.0,0.5,52.3,1017.7,1020.7,2.0,=
202603031727,829,67.2,3.6,65.7,4.6,54.2,4.0,7.0,0.0,0.0,0.0,0.0,2.0,73.4,1013.0,1022.0,2.6,=
202603031727,830,71.7,4.0,72.3,6.0,66.5,3.7,7.9,0.0,0.0,0.0,0.0,2.5,59.9,1016.8,1022.4,0.6,=
202603031727,831,35.8,1.4,47.8,3.1,53.6,2.2,0.5,0.0,0.0,0.0,0.0,1.0,80.6,-99.7,-99.9,-2.4,=
202603031727,832,341.2,1.6,12.6,2.4,330.6,1.5,10.7,0.0,0.0,0.0,0.0,0.5,51.4,1011.7,1019.8,1.1,=
202603031727,833,119.6,0.0,121.7,0.0,61.9,0.1,10.3,0.0,0.0,0.0,0.0,0.5,54.0,999.3,1020.4,1.4,=
202603031727,834,96.0,0.9,116.9,1.6,83.4,1.2,8.7,0.0,0.0,0.0,0.0,1.0,62.0,985.9,1020.3,1.8,=
202603031727,835,346.2,2.7,336.6,4.7,13.7,3.3,8.1,0.0,0.0,0.0,0.0,0.0,47.6,999.4,1022.0,-2.4,=
202603031727,836,38.2,3.5,40.4,4.4,45.9,3.1,6.8,0.0,0.0,0.0,0.0,0.0,63.7,982.1,1020.5,0.4,=
202603031727,837,94.4,1.3,115.4,2.1,104.0,1.9,8.0,0.0,0.0,0.0,0.0,0.5,56.5,999.8,1022.7,-0.1,=
202603031727,838,309.8,3.3,310.5,4.7,294.5,3.1,6.2,0.0,0.0,0.0,0.0,0.5,54.5,967.0,1021.5,-2.3,=
202603031727,839,51.0,1.5,48.8,2.3,3.1,1.7,9.0,0.0,0.0,0.0,0.5,1.0,53.6,1005.6,1021.4,0.1,=
202603031727,840,89.8,3.5,90.0,5.1,82.2,3.8,9.5,0.0,0.0,0.0,0.0,1.0,61.6,1011.2,1019.9,2.5,=
202603031727,841,79.4,2.4,87.4,3.5,84.5,2.2,9.1,0.0,0.0,0.0,0.0,0.5,56.0,1002.9,1019.8,0.8,=
202603031727,842,89.4,5.2,85.6,6.4,90.8,5.6,7.4,0.0,0.0,0.0,1.5,4.0,66.1,1000.4,1021.3,1.5,=
202603031727,843,130.3,2.2,143.0,2.8,127.7,2.7,4.1,0.0,0.0,0.0,8.5,16.5,77.1,996.9,1024.1,0.4,=
202603031727,844,302.4,2.4,319.6,3.5,330.8,2.6,6.9,0.0,0.0,0.0,3.5,7.5,67.8,1019.2,1022.0,1.4,=
202603031727,845,96.3,1.4,97.7,1.9,71.3,1.6,10.9,0.0,0.0,0.0,0.0,0.5,46.6,1017.4,1021.1,-0.1,=
202603031727,846,98.6,2.9,91.2,4.2,94.4,1.9,10.3,0.0,0.0,0.0,0.0,0.5,47.6,1011.7,1021.0,-0.3,=
202603031727,847,346.7,1.4,340.0,1.8,338.4,1.8,10.7,0.0,0.0,0.0,0.0,0.5,45.6,1012.9,1021.5,-0.6,=
202603031727,848,84.2,3.6,59.4,6.4,83.7,3.1,8.2,0.0,0.0,0.0,0.5,1.0,64.4,1008.5,1021.3,1.9,=
202603031727,849,67.9,4.5,67.3,5.9,75.8,3.7,10.0,0.0,0.0,0.0,0.0,1.0,45.3,1011.5,1021.9,-1.3,=
202603031727,850,48.1,3.5,37.6,6.6,25.9,4.2,7.4,0.0,0.0,0.0,2.0,5.5,78.6,1021.7,1022.5,3.9,=
202603031727,851,265.8,0.6,300.4,1.2,210.3,0.9,4.8,0.0,0.0,1.0,16.0,28.0,85.5,1014.5,1024.5,2.6,=
202603031727,852,321.0,6.3,320.0,8.1,327.1,6.0,4.4,1.0,1.0,2.5,8.0,12.0,88.1,1018.5,1023.6,2.6,=
202603031727,853,207.9,1.1,205.2,1.5,267.3,1.0,5.7,0.0,0.0,0.0,0.0,0.5,61.4,953.4,1021.5,-1.1,=
202603031727,854,26.0,3.5,51.0,4.7,30.5,4.6,7.0,0.0,0.0,0.0,0.0,1.0,66.4,1001.1,1021.6,1.2,=
202603031727,855,342.9,11.4,347.1,12.9,340.6,11.0,9.9,-99.2,0.0,0.0,0.0,0.0,88.5,1020.9,1021.4,8.1,=
202603031727,856,210.0,0.9,336.0,1.7,199.6,1.2,8.3,0.0,-99.9,-99.9,-99.9,-99.2,66.7,959.9,1021.2,2.5,=
202603031727,857,253.8,2.8,253.8,3.4,254.7,2.3,9.6,0.0,0.0,0.0,0.0,0.0,77.7,1019.6,1020.6,5.9,=
202603031727,858,11.0,4.0,25.0,5.1,6.9,3.4,7.9,0.0,0.0,0.0,0.0,0.0,79.9,1017.8,1022.1,4.6,=
202603031727,859,46.3,3.5,41.7,5.2,49.7,4.4,3.0,1.0,0.0,0.0,1.5,4.5,91.6,964.2,1022.1,1.8,=
202603031727,860,31.8,2.0,30.2,2.5,69.3,1.2,10.5,0.0,0.0,0.0,0.0,0.5,48.5,1013.7,1020.9,0.1,=
202603031727,861,311.9,2.8,308.8,3.1,319.0,2.1,11.0,0.0,0.0,0.0,0.0,0.5,69.9,1018.3,1020.9,5.7,=
202603031727,862,299.0,1.9,322.7,2.7,315.3,2.1,9.0,0.0,0.0,0.0,0.0,2.0,81.5,996.3,1020.2,6.0,=
202603031727,863,335.0,2.9,3.0,3.8,341.5,2.8,9.3,0.0,0.0,0.0,0.5,3.0,85.8,1014.5,1020.9,7.0,=
202603031727,864,301.9,2.7,326.1,4.2,303.5,3.4,13.0,0.0,0.0,0.0,0.0,1.0,48.5,1013.4,1020.0,2.4,=
202603031727,865,305.7,2.8,315.1,3.3,298.5,2.8,7.9,0.0,0.0,0.0,1.0,5.0,91.4,993.5,1022.0,6.6,=
202603031727,867,292.6,1.2,279.7,1.7,336.2,0.9,1.7,-99.2,0.0,0.0,0.5,3.5,66.8,850.0,1021.3,-3.8,=
202603031727,868,52.4,4.6,48.4,5.9,51.0,5.2,1.1,0.0,0.0,0.0,0.0,0.0,89.6,860.7,1021.4,-0.4,=
202603031727,869,150.1,1.2,171.7,2.6,173.1,1.3,2.5,0.0,0.0,0.0,0.0,0.0,100.0,876.9,1022.7,2.5,=
202603031727,870,325.2,2.1,330.4,3.8,333.6,3.3,2.1,0.0,0.0,0.0,0.0,1.0,64.1,850.3,1019.5,-4.0,=
202603031727,871,47.8,6.3,46.3,8.9,46.7,4.9,2.5,0.0,0.0,0.0,0.5,1.0,56.0,831.5,1019.3,-5.4,=
202603031727,872,257.5,0.5,215.7,0.9,195.1,0.5,4.0,0.0,0.0,0.0,0.0,0.0,83.6,919.2,1021.9,1.5,=
202603031727,874,74.7,1.7,113.6,2.5,68.2,2.4,4.1,0.0,0.0,0.0,0.0,1.5,62.7,1004.5,1024.8,-2.4,=
202603031727,875,-99.9,-99.9,-99.9,-99.9,-99.9,-99.9,-99.9,-99.9,-99.9,-99.9,-99.9,-99.9,-99.9,-99.9,-99.9,-99.9,=
202603031727,876,239.0,1.7,274.0,2.8,267.0,2.0,2.9,1.0,0.5,0.5,3.0,5.5,92.8,1017.8,1025.0,1.9,=
202603031727,877,48.5,3.5,49.1,4.4,44.8,4.1,9.1,0.0,0.0,0.0,0.0,0.0,46.6,1015.1,1022.4,-1.7,=
202603031727,878,79.0,1.8,44.9,2.6,346.7,2.4,-1.4,0.0,0.0,0.0,9.5,16.5,93.3,925.7,1024.7,-2.3,=
202603031727,881,330.0,6.0,341.0,7.7,331.7,6.2,7.5,0.0,0.0,0.0,0.0,0.0,75.1,1020.8,1022.1,3.4,=
202603031727,882,80.0,7.0,268.7,8.5,46.7,6.4,8.5,0.0,0.0,0.0,0.0,0.0,67.5,1005.6,1020.3,2.8,=
202603031727,883,21.7,3.7,26.5,4.8,29.2,3.7,5.7,0.0,0.0,0.5,1.0,1.5,98.9,968.4,1021.0,5.5,=
202603031727,885,31.6,4.6,36.0,5.4,14.0,3.4,8.5,0.0,0.0,0.0,0.0,0.0,74.7,991.5,1021.1,4.3,=
202603031727,886,283.0,4.6,293.0,5.7,283.0,4.7,8.9,0.0,0.0,0.0,0.0,0.5,64.0,1021.3,1022.0,2.5,=
202603031727,888,210.7,2.0,266.3,2.7,315.3,2.0,10.7,0.0,0.0,0.0,0.0,1.0,55.8,1009.1,1020.9,2.2,=
202603031727,889,111.5,1.2,90.0,2.8,109.5,1.2,9.6,0.0,0.0,0.0,0.0,0.5,53.2,1020.5,1022.5,0.5,=
202603031727,890,214.7,3.0,214.5,4.6,216.0,2.4,8.6,0.0,0.0,0.0,1.0,2.5,88.1,987.4,1020.7,6.7,=
202603031727,892,16.8,3.7,16.9,4.0,14.5,2.9,10.1,0.0,0.0,0.0,0.0,1.5,79.8,1008.3,1020.8,6.8,=
202603031727,893,118.3,3.0,265.0,4.9,161.2,2.8,9.5,0.0,0.0,0.0,0.0,1.5,84.1,1021.1,1021.7,6.9,=
202603031727,898,355.9,5.9,355.6,8.1,3.3,3.9,9.1,0.0,0.0,0.0,0.5,2.5,64.8,1022.0,1022.2,2.8,=
202603031727,899,64.8,1.9,59.7,2.8,32.4,0.9,10.6,0.0,0.0,0.0,0.0,0.5,52.5,1016.5,1020.6,1.3,=
202603031727,900,55.2,2.4,56.4,2.9,48.1,3.1,7.2,0.0,0.0,0.0,0.5,2.0,69.3,1006.8,1021.2,2.0,=
202603031727,901,93.6,4.7,60.0,7.2,106.9,4.8,7.3,0.0,0.0,0.0,1.0,3.0,72.3,1012.1,1020.4,2.6,=
202603031727,902,41.4,1.7,159.5,2.4,358.3,1.9,10.0,0.0,0.0,0.0,0.0,0.0,64.7,1002.8,1019.4,3.7,=
202603031727,903,30.6,2.4,36.5,2.9,38.4,2.4,10.6,0.0,0.0,0.0,0.0,1.0,60.2,1018.1,1019.9,3.2,=
202603031727,904,32.2,5.3,38.2,7.2,36.2,6.0,9.4,0.0,0.0,0.0,0.0,1.0,57.0,1019.7,1019.8,1.3,=
202603031727,905,358.5,1.5,300.0,2.8,8.1,2.2,7.9,0.0,0.0,0.0,0.0,1.0,61.9,1011.4,1021.7,1.0,=
202603031727,906,31.3,0.4,42.6,0.5,299.3,0.4,11.4,0.0,0.0,0.0,0.0,0.5,60.7,1009.7,1020.6,4.1,=
202603031727,907,61.3,2.0,61.4,2.7,72.9,1.8,11.3,0.0,0.0,0.0,0.0,1.0,50.1,1016.9,1020.5,1.3,=
202603031727,908,75.4,3.3,73.5,5.2,75.2,3.2,10.4,0.0,0.0,0.0,0.0,0.0,53.4,1019.4,1020.8,1.3,=
202603031727,909,29.2,5.8,11.1,9.6,27.8,5.3,9.5,0.0,0.0,0.0,0.0,0.5,65.0,1007.6,1021.0,3.2,=
202603031727,910,57.5,7.2,61.8,10.3,61.8,5.1,8.1,0.0,0.0,0.0,0.0,1.5,70.6,1002.4,1019.4,3.1,=
202603031727,911,-99.2,-99.2,-99.2,-99.2,-99.9,-99.9,9.9,0.0,0.0,0.0,0.0,0.5,73.9,1012.4,1020.8,5.5,=
202603031727,912,38.3,1.3,38.5,1.9,38.2,1.7,10.6,0.0,0.0,0.0,0.0,1.0,60.3,1004.4,1021.4,3.2,=
202603031727,913,69.4,3.0,72.8,4.4,56.5,1.9,10.6,0.0,0.0,0.0,0.0,0.0,53.3,1017.4,1019.8,1.5,=
202603031727,914,170.9,2.7,163.1,3.5,184.7,2.4,8.9,0.0,0.0,0.0,0.0,0.5,63.2,978.6,1021.1,2.3,=
202603031727,915,35.3,2.2,95.8,2.8,48.9,1.7,10.2,0.0,0.0,0.0,0.0,1.0,59.7,1009.3,1019.7,2.7,=
202603031727,916,84.5,2.3,74.8,2.8,58.8,1.8,10.4,0.0,0.0,0.0,0.0,0.5,61.6,1013.6,1020.3,3.3,=
202603031727,917,87.6,3.1,91.0,3.9,81.5,2.4,10.8,0.0,0.0,0.0,0.0,1.0,53.2,1018.2,1021.3,1.7,=
202603031727,918,336.5,2.3,325.9,2.8,338.8,2.6,10.3,0.0,0.0,0.0,0.0,0.5,62.3,1019.9,1020.8,3.4,=
202603031727,919,56.1,1.8,64.6,2.3,71.3,2.1,10.6,0.0,0.0,0.0,0.0,0.5,55.5,1018.5,1022.2,2.1,=
202603031727,920,326.2,1.9,350.2,2.2,26.7,1.3,10.2,0.0,0.0,0.0,0.0,0.5,58.4,1019.9,1020.9,2.4,=
202603031727,921,54.6,3.5,45.7,6.4,53.8,3.2,9.2,0.0,0.0,0.0,0.0,1.5,65.6,1011.0,1020.2,3.1,=
202603031727,922,91.2,1.9,109.1,3.0,129.0,1.6,8.2,0.0,0.0,0.0,0.0,1.0,58.4,1004.3,1021.2,0.5,=
202603031727,923,253.2,3.5,95.6,7.1,53.4,4.1,7.9,0.0,0.0,0.0,0.0,2.0,66.5,1013.2,1021.3,2.0,=
202603031727,924,8.0,6.4,130.0,9.4,2.7,6.0,8.5,0.0,0.0,0.0,0.0,0.0,70.9,1018.3,1021.0,3.5,=
202603031727,925,67.2,2.8,70.0,4.1,70.7,2.7,10.0,0.0,0.0,0.0,0.0,1.0,62.5,1017.8,1018.9,3.2,=
202603031727,926,309.9,0.4,306.4,0.8,342.0,1.2,10.5,0.0,0.0,0.0,0.0,1.0,64.6,1019.4,1021.0,4.1,=
202603031727,927,21.7,2.1,27.8,3.0,30.8,2.4,8.5,0.0,0.0,0.0,0.5,1.0,61.3,1005.4,1020.9,1.5,=
202603031727,929,23.4,1.7,20.5,2.4,14.9,2.3,9.4,0.0,-99.9,-99.9,-99.9,-99.2,59.9,1005.3,1021.1,2.0,=
202603031727,930,83.3,2.3,67.0,2.8,117.3,2.5,10.5,0.0,0.0,0.0,0.0,0.5,62.1,1019.9,1020.7,3.6,=
202603031727,931,64.4,2.1,172.9,4.3,113.6,2.9,9.6,0.0,0.0,0.0,0.0,0.0,70.5,1011.8,1021.1,4.5,=
202603031727,932,73.7,1.9,53.4,2.4,89.7,2.2,12.2,0.0,0.0,0.0,0.0,0.0,51.4,1020.6,1021.1,2.5,=
202603031727,933,275.4,1.7,74.0,2.8,321.5,2.6,10.8,0.0,0.0,0.0,0.0,0.5,53.1,1017.0,1020.9,1.6,=
202603031727,934,48.3,2.6,55.6,3.3,48.4,2.7,10.8,0.0,0.0,0.0,0.0,0.5,53.1,1010.6,1020.7,1.6,=
202603031727,935,294.6,1.3,291.3,1.8,303.0,1.6,10.9,0.0,0.0,0.0,0.5,0.5,49.9,1018.5,1021.4,0.9,=
202603031727,936,357.5,2.4,354.0,3.5,353.3,2.3,10.5,0.0,0.0,0.0,0.0,0.5,55.7,1013.8,1021.3,2.0,=
202603031727,937,54.4,2.8,61.0,4.2,66.9,3.3,8.1,0.0,0.0,0.0,0.0,1.5,72.4,1009.7,1019.7,3.4,=
202603031727,938,116.7,2.8,126.7,4.1,123.7,2.2,8.7,-99.2,0.0,0.0,0.0,1.0,56.4,1007.1,1021.1,0.5,=
202603031727,939,10.8,2.8,40.0,6.9,20.8,3.2,8.5,0.0,0.0,0.0,0.0,1.5,59.7,1015.1,1021.2,1.1,=
202603031727,940,70.1,3.9,63.6,5.7,14.9,2.3,9.2,0.0,0.0,0.0,0.0,1.0,57.6,1012.0,1020.6,1.3,=
202603031727,941,17.8,4.3,5.1,7.3,1.4,4.5,9.9,0.0,0.0,0.0,0.0,1.0,52.8,1020.9,1021.8,0.7,=
202603031727,942,315.1,2.3,322.7,3.4,22.8,3.5,8.7,0.0,0.0,0.0,0.0,1.5,60.7,1006.5,1021.7,1.5,=
202603031727,943,70.5,3.4,28.9,5.1,49.3,2.9,3.6,0.0,0.0,0.0,0.0,0.5,89.3,964.7,1020.7,2.0,=
202603031727,944,46.3,1.6,54.2,2.1,63.7,1.8,10.4,0.0,0.0,0.0,0.0,1.0,53.2,1019.3,1020.5,1.3,=
202603031727,945,65.9,1.5,61.9,2.0,57.4,1.2,8.0,0.0,0.0,0.0,0.0,0.5,57.4,994.1,1022.3,0.1,=
202603031727,946,296.5,1.7,295.6,2.8,328.2,1.5,9.0,0.0,0.0,0.0,0.0,1.0,55.9,982.2,1021.2,0.7,=
202603031727,947,356.1,2.2,25.0,3.6,317.9,1.5,11.2,0.0,0.0,0.0,0.0,0.0,51.1,1017.0,1020.7,1.5,=
202603031727,948,9.1,1.5,5.5,1.8,357.0,1.5,9.8,0.0,0.0,0.0,0.0,0.0,64.5,1004.4,1021.5,3.4,=
202603031727,949,4.3,5.0,334.8,6.5,351.0,4.6,8.4,0.0,0.0,0.0,1.5,5.0,66.7,1021.5,1022.5,2.6,=
202603031727,950,85.2,3.1,46.8,5.4,72.9,3.4,8.9,0.0,0.0,0.0,0.0,1.5,59.8,1003.4,1018.9,1.5,=
202603031727,951,313.6,3.3,319.5,4.9,312.7,3.2,10.5,0.0,0.0,0.0,0.0,0.0,69.5,1007.7,1020.6,5.2,=
202603031727,953,52.4,1.4,23.9,2.1,36.1,2.1,10.5,0.0,0.0,0.0,0.0,1.5,55.8,1016.8,1020.6,2.0,=
202603031727,954,24.0,8.7,43.0,12.3,27.6,7.4,8.0,0.0,0.0,0.0,0.5,1.5,68.4,1014.3,1020.9,2.5,=
202603031727,955,319.9,6.5,321.3,7.5,320.9,6.6,5.5,-99.7,-99.9,-99.9,-99.9,-99.7,89.5,1022.2,1024.5,3.9,=
202603031727,956,345.8,8.6,348.5,9.3,346.2,8.3,5.2,-99.7,-99.9,-99.9,-99.9,-99.7,78.1,1021.1,1023.1,1.7,=
202603031727,957,-99.2,-99.2,-99.2,-99.2,-99.9,-99.9,4.7,0.0,-99.9,-99.9,-99.9,-99.7,83.1,1011.6,1023.4,2.1,=
202603031727,958,11.7,9.0,12.4,9.5,12.6,8.9,5.7,-99.7,-99.9,-99.9,-99.9,-99.7,86.9,1020.4,1022.3,3.7,=
202603031727,959,342.1,8.0,341.9,9.1,341.7,8.4,7.2,-99.7,-99.9,-99.9,-99.9,-99.7,80.9,1021.1,1022.6,4.1,=
202603031727,960,46.4,10.5,42.9,11.3,43.9,9.2,11.8,-99.7,-99.9,-99.9,-99.9,-99.7,67.0,1018.7,1020.9,5.9,=
202603031727,961,18.8,10.8,18.2,11.7,25.9,11.3,10.8,-99.7,-99.9,-99.9,-99.9,-99.7,62.3,1017.8,1021.1,3.9,=
202603031727,963,11.4,13.3,11.4,14.3,12.4,13.5,8.6,-99.7,-99.9,-99.9,-99.9,-99.7,72.8,1020.1,1022.1,4.0,=
202603031727,964,232.5,2.6,230.5,3.7,225.0,3.2,9.7,0.0,0.0,0.0,0.0,0.0,78.0,1015.5,1021.6,6.1,=
202603031727,965,78.0,5.3,59.4,7.6,60.1,4.8,4.1,0.0,0.0,0.0,0.5,2.0,36.4,-99.7,-99.9,-9.5,=
202603031727,966,322.6,7.5,325.4,8.2,321.8,7.7,4.8,0.0,0.0,0.0,0.0,0.0,70.8,1017.5,1022.2,-0.1,=
202603031727,967,263.8,0.0,3.5,2.7,330.4,0.0,6.5,0.0,0.0,0.0,0.0,0.0,63.7,1014.2,1022.9,0.1,=
202603031727,970,57.4,4.9,67.2,6.1,59.5,4.8,4.0,0.0,0.0,0.0,0.0,1.0,66.5,1002.5,1024.8,-1.7,=
202603031727,972,17.8,0.5,30.9,1.6,5.6,0.8,8.8,0.0,-99.9,-99.9,-99.9,-99.2,48.7,1011.7,1022.6,-1.4,=
202603031727,973,213.3,3.3,207.1,4.3,241.4,2.6,12.3,0.0,0.0,0.0,0.0,0.5,74.5,1015.0,1019.8,7.9,=
202603031727,974,70.6,0.4,48.0,0.6,20.4,1.6,10.9,0.0,0.0,0.0,0.0,0.5,58.6,1019.1,1021.1,3.1,=
202603031727,977,326.0,3.4,341.6,4.6,323.0,3.5,11.4,0.0,0.0,0.0,0.0,0.6,50.8,1016.6,1021.5,1.6,=
202603031727,978,76.1,2.6,68.2,3.5,57.4,3.1,5.3,0.0,0.0,0.0,0.0,0.8,61.7,1007.1,1024.5,-1.5,=
202603031727,980,268.2,1.4,258.4,2.8,217.1,1.9,11.3,0.0,0.0,0.0,0.0,0.0,72.5,1003.0,1019.3,6.5,=
202603031727,984,167.8,3.6,96.8,7.5,140.8,3.8,9.3,-99.7,-99.9,-99.9,-99.9,-99.7,61.9,1016.6,1021.0,2.4,=
202603031727,989,307.3,4.1,320.2,7.4,313.0,4.8,9.3,0.0,0.0,0.0,0.5,0.5,86.5,1008.3,1019.4,7.2,=
202603031727,990,348.7,4.3,35.9,5.3,343.4,4.1,8.0,0.0,0.0,0.0,0.0,0.0,87.8,1012.3,1021.9,6.1,=
202603031727,991,66.6,2.5,57.5,2.8,56.3,2.4,11.0,0.0,0.0,0.0,0.0,0.5,51.5,1017.9,1021.3,1.4,=
202603031727,992,49.8,1.3,36.3,1.8,63.0,1.1,11.0,0.0,0.0,0.0,0.0,0.5,50.4,1016.7,1021.0,1.1,=
202603031727,993,32.6,4.8,34.8,5.8,32.9,3.3,6.4,0.0,0.0,0.0,0.0,0.5,100.0,987.4,1021.4,6.4,=
202603031727,994,311.4,6.5,306.6,6.7,309.2,6.8,7.9,0.0,0.0,0.0,0.0,0.5,79.7,1021.7,1022.1,4.6,=
202603031727,995,47.1,5.6,36.4,7.7,45.9,5.9,6.4,0.0,0.0,0.0,0.0,1.0,80.2,1011.3,1021.2,3.2,=
202603031727,996,91.9,1.1,81.7,1.4,99.3,1.6,8.1,0.0,0.0,0.0,0.0,0.0,59.8,977.4,1020.8,0.8,=
#7777END
